50101,3733,1,0
50101,3818,2,0
50101,3819,3,0
50101,3820,4,0
50101,3821,5,0
50101,3822,6,0
50101,3823,7,0
50101,3824,8,0
50101,3825,9,0
50101,3826,10,0
50101,3827,11,0
50101,3828,12,0
50101,3829,13,0
50101,3830,14,0
50101,3831,15,0
50101,4030,16,0
50101,3832,17,0
50101,3833,18,0
50101,3834,19,0
50101,3835,20,0
50101,3836,21,0
50101,3837,22,0
50101,3838,23,0
50101,3839,24,0
50101,3840,25,0
50101,3841,26,0
50101,3842,27,0
50101,3843,28,0
50101,3844,29,0
50101,3846,30,0
50101,3847,31,0
50101,3848,32,0
50101,3849,33,0
50101,3850,34,0
50101,3851,35,0
50101,3852,36,1
50201,3733,1,0
50201,3853,2,0
50201,3854,3,0
50201,3855,4,0
50201,3856,5,0
50201,3857,6,0
50201,3858,7,0
50201,3859,8,0
50201,3860,9,0
50201,3861,10,0
50201,3862,11,0
50201,3863,12,0
50201,3864,13,0
50201,3865,14,0
50201,3866,15,0
50201,3867,16,0
50201,3868,17,0
50201,3869,18,0
50201,3870,19,0
50201,3871,20,0
50201,3872,21,0
50201,4061,22,0
50201,3873,23,0
50201,3874,24,0
50201,3875,25,0
50201,3876,26,0
50201,3877,27,0
50201,3851,28,0
50201,3852,29,1
50301,3733,1,0
50301,3853,2,0
50301,3854,3,0
50301,3855,4,0
50301,3878,5,0
50301,3879,6,0
50301,3880,7,0
50301,3881,8,0
50301,3882,9,0
50301,3883,10,0
50301,3884,11,0
50301,3885,12,0
50301,3886,13,0
50301,3887,14,0
50301,3888,15,0
50301,2689,16,0
50301,3889,17,0
50301,3890,18,0
50301,3891,19,0
50301,3892,20,0
50301,3893,21,0
50301,3894,22,0
50301,3895,23,0
50301,3896,24,0
50301,3908,25,0
50301,3897,26,0
50301,3851,27,0
50301,3852,28,1
50401,3733,1,0
50401,3853,2,0
50401,3854,3,0
50401,3898,4,0
50401,3899,5,0
50401,3900,6,0
50401,3901,7,0
50401,3902,8,0
50401,3903,9,0
50401,3904,10,0
50401,3905,11,0
50401,3906,12,0
50401,3907,13,0
50401,3909,14,0
50401,3910,15,0
50401,3911,16,0
50401,3862,17,0
50401,3912,18,0
50401,3913,19,0
50401,3914,20,0
50401,3915,21,0
50401,3916,22,0
50401,3917,23,0
50401,3918,24,0
50401,3919,25,0
50401,3920,26,0
50401,3921,27,0
50401,3922,28,0
50401,3923,29,0
50401,3924,30,0
50401,3925,31,0
50401,3926,32,0
50401,3927,33,0
50401,3928,34,0
50401,3876,35,0
50401,3877,36,0
50401,3851,37,0
50401,3852,38,1
50501,3733,1,0
50501,4026,2,0
50501,3929,3,0
50501,3930,4,0
50501,3931,5,0
50501,3932,6,0
50501,3933,7,0
50501,3934,8,0
50501,3935,9,0
50501,3936,10,0
50501,3937,11,0
50501,3938,12,0
50501,3939,13,0
50501,3940,14,0
50501,3941,15,0
50501,3942,16,0
50501,3943,17,0
50501,3944,18,0
50501,3945,19,0
50501,4049,20,0
50501,3946,21,0
50501,3947,22,0
50501,3948,23,0
50501,3949,24,0
50501,3950,25,0
50501,3951,26,0
50501,3952,27,0
50501,3953,28,0
50501,3954,29,0
50501,3955,30,0
50501,3956,31,0
50501,4027,32,0
50501,3957,33,0
50501,3998,34,0
50501,3999,35,1
50601,3733,1,0
50601,3958,2,0
50601,3959,3,0
50601,3960,4,0
50601,3961,5,0
50601,3962,6,0
50601,3963,7,0
50601,3964,8,0
50601,3965,9,0
50601,3966,10,0
50601,3967,11,0
50601,3968,12,0
50601,3969,13,0
50601,4074,14,0
50601,3971,15,0
50601,3970,16,0
50601,3974,17,0
50601,3975,18,0
50601,3976,19,0
50601,3977,20,0
50601,3978,21,0
50601,3979,22,0
50601,3980,23,0
50601,3981,24,0
50601,3982,25,0
50601,3983,26,0
50601,3984,27,0
50601,3985,28,0
50601,3986,29,0
50601,3987,30,0
50601,3988,31,0
50601,3989,32,0
50601,3990,33,0
50601,3991,34,0
50601,3992,35,0
50601,3993,36,0
50601,3994,37,0
50601,3995,38,0
50601,3996,39,0
50601,3997,40,0
50601,3999,41,1
50801,3733,1,0
50801,4000,2,0
50801,4001,3,0
50801,4002,4,0
50801,4028,5,0
50801,4003,6,0
50801,4004,7,0
50801,4029,8,0
50801,4005,9,0
50801,4006,10,0
50801,4017,11,0
50801,4008,12,0
50801,4009,13,0
50801,4010,14,0
50801,4011,15,0
50801,4012,16,1
50901,3733,1,0
50901,4062,2,0
50901,4013,3,0
50901,4014,4,0
50901,4063,5,0
50901,4064,6,0
50901,4015,7,0
50901,4016,8,0
50901,3814,9,0
50901,3815,10,0
50901,3816,11,0
50901,3817,12,0
50901,2689,13,0
50901,3813,14,0
50901,3811,15,0
50901,3812,16,0
50901,4018,17,0
50901,4019,18,0
50901,4020,19,0
50901,4021,20,0
50901,4022,21,0
50901,4023,22,0
50901,4024,23,0
50901,4025,24,0
50901,3908,25,0
50901,3897,26,0
50901,3851,27,0
50901,3852,28,1
70101,3734,1,0
70101,3769,2,0
70101,3770,3,0
70101,3771,4,0
70101,3772,5,0
70101,3773,6,0
70101,3774,7,0
70101,3775,8,0
70101,3776,9,0
70101,3777,10,0
70101,3778,11,0
70101,3779,12,0
70101,3780,13,0
70101,4059,14,0
70101,3781,15,0
70101,3782,16,0
70101,3783,17,0
70101,3784,18,0
70101,4060,19,0
70101,3785,20,0
70101,3786,21,0
70101,3787,22,0
70101,3788,23,0
70101,3789,24,0
70101,3790,25,0
70101,3791,26,0
70101,3792,27,0
70101,3793,28,0
70101,3794,29,0
70101,3796,30,0
70101,3797,31,0
70101,3795,32,0
70101,3798,33,0
70101,3799,34,0
70101,3800,35,0
70101,3801,36,0
70101,3802,37,1
70201,3734,1,0
70201,3744,2,0
70201,3758,3,0
70201,3759,4,0
70201,3760,5,0
70201,3761,6,0
70201,3762,7,0
70201,3763,8,0
70201,3764,9,0
70201,3765,10,0
70201,3766,11,0
70201,3767,12,0
70201,3745,13,0
70201,3768,14,0
70201,3736,15,0
70201,3746,16,0
70201,3735,17,0
70201,3747,18,0
70201,3737,19,0
70201,3748,20,0
70201,3738,21,0
70201,3749,22,0
70201,3739,23,0
70201,3750,24,0
70201,3751,25,0
70201,3752,26,0
70201,3740,27,0
70201,4033,28,0
70201,3754,29,0
70201,3755,30,0
70201,3741,31,0
70201,3756,32,0
70201,3742,33,0
70201,3757,34,0
70201,3743,35,1
