50100,3733,1,0
50100,3818,2,0
50100,3819,3,0
50100,3820,4,0
50100,3821,5,0
50100,3822,6,0
50100,3823,7,0
50100,3824,8,0
50100,3825,9,0
50100,3826,10,0
50100,3827,11,0
50100,3828,12,0
50100,3829,13,0
50100,3830,14,0
50100,3831,15,0
50100,4030,16,0
50100,3832,17,0
50100,3833,18,0
50100,3834,19,0
50100,3835,20,0
50100,3836,21,0
50100,3837,22,0
50100,3838,23,0
50100,3839,24,0
50100,3840,25,0
50100,3841,26,0
50100,3842,27,0
50100,3843,28,1
50101,3843,1,0
50101,3844,2,0
50101,3846,3,0
50101,3847,4,0
50101,3848,5,0
50101,3849,6,0
50101,3850,7,0
50101,3851,8,0
50101,3852,9,0
50101,3733,10,1
50200,3733,1,0
50200,3853,2,0
50200,3854,3,0
50200,3855,4,0
50200,3856,5,0
50200,3857,6,0
50200,3858,7,0
50200,3859,8,0
50200,3860,9,0
50200,3861,10,0
50200,3862,11,0
50200,3863,12,0
50200,3864,13,0
50200,3865,14,0
50200,3866,15,0
50200,3867,16,0
50200,3868,17,1
50201,3868,1,0
50201,3869,2,0
50201,3870,3,0
50201,3871,4,0
50201,3872,5,0
50201,4061,6,0
50201,3873,7,0
50201,3874,8,0
50201,3875,9,0
50201,3876,10,0
50201,3877,11,0
50201,3851,12,0
50201,3852,13,0
50201,3733,14,1
50300,3733,1,0
50300,3853,2,0
50300,3854,3,0
50300,3855,4,0
50300,3878,5,0
50300,3879,6,0
50300,3880,7,0
50300,3881,8,0
50300,3882,9,0
50300,3883,10,0
50300,3884,11,0
50300,3885,12,0
50300,3886,13,0
50300,3887,14,0
50300,3888,15,0
50300,2689,16,1
50301,2689,1,0
50301,3889,2,0
50301,3890,3,0
50301,3891,4,0
50301,3892,5,0
50301,3893,6,0
50301,3894,7,0
50301,3895,8,0
50301,3896,9,0
50301,3908,10,0
50301,3897,11,0
50301,3851,12,0
50301,3852,13,0
50301,3733,14,1
50400,3733,1,0
50400,3853,2,0
50400,3854,3,0
50400,3898,4,0
50400,3899,5,0
50400,3900,6,0
50400,3901,7,0
50400,3902,8,0
50400,3903,9,0
50400,3904,10,0
50400,3905,11,0
50400,3906,12,0
50400,3907,13,0
50400,3909,14,0
50400,3910,15,0
50400,3911,16,0
50400,3862,17,0
50400,3912,18,1
50401,3912,1,0
50401,3913,2,0
50401,3914,3,0
50401,3915,4,0
50401,3916,5,0
50401,3917,6,0
50401,3918,7,0
50401,3919,8,0
50401,3920,9,0
50401,3921,10,0
50401,3922,11,0
50401,3923,12,0
50401,3924,13,0
50401,3925,14,0
50401,3926,15,0
50401,3927,16,0
50401,3928,17,0
50401,3876,18,0
50401,3877,19,0
50401,3851,20,0
50401,3852,21,0
50401,3733,22,1
50500,3733,1,0
50500,4026,2,0
50500,3929,3,0
50500,3930,4,0
50500,3931,5,0
50500,3932,6,0
50500,3933,7,0
50500,3934,8,0
50500,3935,9,0
50500,3936,10,0
50500,3937,11,0
50500,3938,12,0
50500,3939,13,0
50500,3940,14,0
50500,3941,15,1
50501,3941,1,0
50501,3942,2,0
50501,3943,3,0
50501,3944,4,0
50501,3945,5,0
50501,4049,6,0
50501,3946,7,0
50501,3947,8,0
50501,3948,9,0
50501,3949,10,0
50501,3950,11,0
50501,3951,12,0
50501,3952,13,0
50501,3953,14,0
50501,3954,15,0
50501,3955,16,0
50501,3956,17,0
50501,4027,18,0
50501,3957,19,0
50501,3998,20,0
50501,3999,21,0
50501,3733,22,1
50600,3733,1,0
50600,3958,2,0
50600,3959,3,0
50600,3960,4,0
50600,3961,5,0
50600,3962,6,0
50600,3963,7,0
50600,3964,8,0
50600,3965,9,0
50600,3966,10,0
50600,3967,11,0
50600,3968,12,0
50600,3969,13,0
50600,4074,14,0
50600,3971,15,0
50600,3970,16,0
50600,3974,17,0
50600,3975,18,0
50600,3976,19,0
50600,3977,20,0
50600,3978,21,0
50600,3979,22,0
50600,3980,23,1
50601,3980,1,0
50601,3981,2,0
50601,3982,3,0
50601,3983,4,0
50601,3984,5,0
50601,3985,6,0
50601,3986,7,0
50601,3987,8,0
50601,3988,9,0
50601,3989,10,0
50601,3990,11,0
50601,3991,12,0
50601,3992,13,0
50601,3993,14,0
50601,3994,15,0
50601,3995,16,0
50601,3996,17,0
50601,3997,18,0
50601,3999,19,0
50601,3733,20,1
50800,3733,1,0
50800,4000,2,0
50800,4001,3,0
50800,4002,4,0
50800,4028,5,0
50800,4003,6,0
50800,4004,7,0
50800,4029,8,0
50800,4006,9,1
50801,4017,1,0
50801,4008,2,0
50801,4009,3,0
50801,4010,4,0
50801,4011,5,0
50801,4012,6,0
50801,3733,7,1
50900,3733,1,0
50900,4062,2,0
50900,4013,3,0
50900,4014,4,0
50900,4063,5,0
50900,4064,6,0
50900,4015,7,0
50900,4016,8,1
50901,3814,1,0
50901,3815,2,0
50901,3816,3,0
50901,3817,4,0
50901,2689,5,0
50901,3813,6,0
50901,3811,7,0
50901,3812,8,0
50901,4018,9,0
50901,4019,10,0
50901,4020,11,0
50901,4021,12,0
50901,4022,13,0
50901,4023,14,0
50901,4024,15,0
50901,4025,16,0
50901,3908,17,0
50901,3897,18,0
50901,3851,19,0
50901,3852,20,0
50901,3733,21,1
