101,9000019,1,0
101,4039,2,0
101,4040,3,0
101,4041,4,0
101,4042,5,0
101,4043,6,0
101,4044,7,0
101,9000010,8,0
101,4045,9,0
101,4046,10,0
101,4047,11,0
101,9000009,12,0
101,4048,13,0
101,4049,14,0
101,4050,15,0
101,4051,16,0
101,4052,17,0
101,4053,18,0
101,9000023,19,1
102,9000023,1,0
102,4005,2,0
102,4013,3,0
102,4014,4,0
102,4015,5,0
102,4016,6,0
102,4017,7,0
102,4018,8,0
102,4012,9,0
102,4020,10,0
102,4021,11,0
102,4022,12,0
102,4023,13,0
102,4024,14,0
102,9000011,15,0
102,4025,16,0
102,4026,17,0
102,4027,18,0
102,4028,19,0
102,4029,20,0
102,4030,21,0
102,4031,22,0
102,4033,23,0
102,4034,24,0
102,4035,25,0
102,4036,26,0
102,4037,27,0
102,4038,28,0
102,9000019,29,1
201,9000012,1,0
201,4071,2,0
201,4072,3,0
201,4073,4,0
201,4074,5,0
201,4075,6,0
201,9000017,7,0
201,4076,8,0
201,4077,9,0
201,4078,10,0
201,4079,11,0
201,4080,12,0
201,4081,13,0
201,4082,14,0
201,4083,15,0
201,4052,16,0
201,4053,17,0
201,9000023,18,1
202,9000023,1,0
202,4054,2,0
202,4055,3,0
202,4056,4,0
202,4057,5,0
202,4058,6,0
202,4059,7,0
202,9000021,8,0
202,4060,9,0
202,4061,10,0
202,4062,11,0
202,4063,12,0
202,4064,13,0
202,4065,14,0
202,4066,15,0
202,4067,16,0
202,4068,17,0
202,4069,18,0
202,4070,19,0
202,9000012,20,1
303,9000023,1,0
303,4054,2,0
303,4055,3,0
303,4056,4,0
303,4085,5,0
303,9000004,6,0
303,4086,7,0
303,4087,8,0
303,4088,9,0
303,9000005,10,0
303,4089,11,0
303,4090,12,0
303,4091,13,0
303,4092,14,0
303,4093,15,0
303,4094,16,0
303,4095,17,0
303,4006,18,0
303,9000024,19,1
304,9000024,1,0
304,4007,2,0
304,4096,3,0
304,4097,4,0
304,4098,5,0
304,4099,6,0
304,4100,7,0
304,4101,8,0
304,4102,9,0
304,4103,10,0
304,9000013,11,0
304,4116,12,0
304,4105,13,0
304,4052,14,0
304,4053,15,0
304,9000023,16,1
401,9000026,1,0
401,4122,2,0
401,4123,3,0
401,4124,4,0
401,4125,5,0
401,4127,6,0
401,4128,7,0
401,4129,8,0
401,4130,9,0
401,4131,10,0
401,4132,11,0
401,4133,12,0
401,9000000,13,0
401,4134,14,0
401,4136,15,0
401,4137,16,0
401,4138,17,0
401,4082,18,0
401,4083,19,0
401,4052,20,0
401,4053,21,0
401,9000023,22,1
402,9000023,1,0
402,4054,2,0
402,4055,3,0
402,4106,4,0
402,4107,5,0
402,4108,6,0
402,4109,7,0
402,4110,8,0
402,9000006,9,0
402,4111,10,0
402,4112,11,0
402,4113,12,0
402,4114,13,0
402,4115,14,0
402,4117,15,0
402,4118,16,0
402,4119,17,0
402,4120,18,0
402,4064,19,0
402,4121,20,0
402,9000026,21,1
503,9000027,1,0
503,4154,2,0
503,4155,3,0
503,4156,4,0
503,4157,5,0
503,4159,6,0
503,4160,7,0
503,4161,8,0
503,4162,9,0
503,9000029,10,0
503,4164,11,0
503,4165,12,0
503,4166,13,0
503,4167,14,0
503,4168,15,0
503,4169,16,0
503,4170,17,0
503,4171,18,0
503,4172,19,0
503,4217,20,0
503,4218,21,0
503,9000023,22,1
504,9000023,1,0
504,4139,2,0
504,4140,3,0
504,4141,4,0
504,4142,5,0
504,4143,6,0
504,9000003,7,0
504,4145,8,0
504,4146,9,0
504,4147,10,0
504,4148,11,0
504,4149,12,0
504,4150,13,0
504,4151,14,0
504,4152,15,0
504,4153,16,0
504,9000027,17,1
603,4191,1,0
603,4192,2,0
603,4193,3,0
603,4194,4,0
603,4195,5,0
603,4196,6,0
603,4197,7,0
603,4198,8,0
603,9000015,9,0
603,4199,10,0
603,4200,11,0
603,4201,12,0
603,4202,13,0
603,4203,14,0
603,4204,15,0
603,4205,16,0
603,4206,17,0
603,4207,18,0
603,4208,19,0
603,9000008,20,0
603,4209,21,0
603,4210,22,0
603,4211,23,0
603,4212,24,0
603,4213,25,0
603,4214,26,0
603,4215,27,0
603,4216,28,0
603,4217,29,0
603,4218,30,0
603,9000023,31,1
604,9000023,1,0
604,4175,2,0
604,4176,3,0
604,4177,4,0
604,4178,5,0
604,4179,6,0
604,4181,7,0
604,4182,8,0
604,9000010,9,0
604,4183,10,0
604,4184,11,0
604,4185,12,0
604,4186,13,0
604,4187,14,0
604,4188,15,0
604,4189,16,0
604,4191,17,1
803,9000023,1,0
803,4219,2,0
803,4220,3,0
803,4221,4,0
803,4222,5,0
803,4223,6,0
803,9000028,7,0
803,4224,8,0
803,4225,9,0
803,9000018,10,0
803,4008,11,0
803,4009,12,0
803,4010,13,0
803,4011,14,0
803,9000024,15,1
804,9000024,1,0
804,4007,2,0
804,4003,3,0
804,4004,4,0
804,4226,5,0
804,9000025,6,0
804,4227,7,0
804,4228,8,0
804,4229,9,0
804,4230,10,0
804,4231,11,0
804,9000023,12,1
903,9000023,1,0
903,4232,2,0
903,4235,3,0
903,4236,4,0
903,4237,5,0
903,4238,6,0
903,4239,7,0
903,4240,8,0
903,9000022,9,0
903,4241,10,0
903,4242,11,0
903,9000018,12,1
904,9000018,1,0
904,4243,2,0
904,4244,3,0
904,4245,4,0
904,4246,5,0
904,9000022,6,0
904,4247,7,0
904,4248,8,0
904,4249,9,0
904,4250,10,0
904,4251,11,0
904,4116,12,0
904,4105,13,0
904,4052,14,0
904,4053,15,0
904,9000023,16,1
1003,9000023,1,0
1003,4232,2,0
1003,4233,3,0
1003,4241,4,0
1003,4242,5,0
1003,4226,6,0
1003,9000028,7,0
1003,4224,8,0
1003,4225,9,0
1003,9000030,10,0
1003,9000018,11,0
1003,4243,12,0
1003,4008,13,0
1003,4009,14,0
1003,4010,15,0
1003,4011,16,0
1003,9000024,17,1
1004,9000024,1,0
1004,4007,2,0
1004,4121,3,0
1004,4122,4,0
1004,4123,5,0
1004,4124,6,0
1004,9000020,7,0
1004,4076,8,0
1004,4077,9,0
1004,4078,10,0
1004,4079,11,0
1004,4080,12,0
1004,4081,13,0
1004,4082,14,0
1004,4083,15,0
1004,4052,16,0
1004,4053,17,0
1004,9000023,18,1
1103,4047,1,0
1103,9000009,2,0
1103,4183,3,0
1103,4184,4,0
1103,4185,5,0
1103,4186,6,0
1103,4187,7,0
1103,4188,8,0
1103,4189,9,0
1103,4191,10,0
1103,4192,11,0
1103,4198,12,0
1103,4159,13,0
1103,4160,14,0
1103,4161,15,0
1103,4162,16,0
1103,9000029,17,0
1103,4207,18,0
1103,4208,19,0
1103,4146,20,0
1103,4147,21,0
1103,1319,22,0
1103,9000023,23,1
1104,9000023,1,0
1104,4175,2,0
1104,4176,3,0
1104,4177,4,0
1104,4178,5,0
1104,4016,6,0
1104,4017,7,0
1104,4018,8,0
1104,4012,9,0
1104,4055,10,0
1104,4020,11,0
1104,4021,12,0
1104,4022,13,0
1104,4023,14,0
1104,4024,15,0
1104,9000011,16,0
1104,4026,17,0
1104,4027,18,0
1104,4028,19,0
1104,4029,20,0
1104,4030,21,0
1104,4031,22,0
1104,4032,23,0
1104,4033,24,0
1104,4034,25,0
1104,4035,26,0
1104,4036,27,0
1104,4037,28,0
1104,4038,29,0
1104,4039,30,0
1104,4040,31,0
1104,4041,32,0
1104,9000001,33,0
1104,4043,34,0
1104,4044,35,0
1104,4045,36,0
1104,4046,37,0
1104,9000009,38,0
1104,4047,39,1
10003,9000016,1,0
10003,3023,2,0
10003,3024,3,0
10003,3025,4,0
10003,3026,5,0
10003,3027,6,0
10003,3034,7,0
10003,3035,8,0
10003,3003,9,0
10003,3001,10,0
10003,3076,11,0
10003,3077,12,0
10003,3078,13,0
10003,3079,14,0
10003,3080,15,0
10003,9000014,16,0
10003,4056,17,0
10003,4057,18,0
10003,4058,19,0
10003,4095,20,0
10003,4006,21,0
10003,9000024,22,1
10004,9000024,1,0
10004,9000018,2,0
10004,4227,3,0
10004,4228,4,0
10004,4229,5,0
10004,4230,6,0
10004,4231,7,0
10004,9000023,8,0
10004,4175,9,0
10004,4176,10,0
10004,4177,11,0
10004,4178,12,0
10004,4179,13,0
10004,4181,14,0
10004,4182,15,0
10004,9000014,16,0
10004,3081,17,0
10004,3082,18,0
10004,3083,19,0
10004,3084,20,0
10004,3006,21,0
10004,3007,22,0
10004,3011,23,0
10004,3012,24,0
10004,3014,25,0
10004,3015,26,0
10004,9000016,27,1
10103,9000016,1,0
10103,3037,2,0
10103,3038,3,0
10103,3039,4,0
10103,3040,5,0
10103,3041,6,0
10103,3042,7,0
10103,3043,8,0
10103,3045,9,0
10103,3046,10,0
10103,3047,11,0
10103,3048,12,0
10103,3049,13,0
10103,3051,14,0
10103,3052,15,0
10103,3053,16,0
10103,3054,17,0
10103,3055,18,0
10103,3057,19,0
10103,3058,20,0
10103,3059,21,0
10103,3060,22,0
10103,3061,23,0
10103,3062,24,0
10103,3063,25,0
10103,3064,26,0
10103,3065,27,0
10103,3066,28,1
10104,3066,1,0
10104,3067,2,0
10104,3069,3,0
10104,3070,4,0
10104,3068,5,0
10104,3071,6,0
10104,3072,7,0
10104,3073,8,0
10104,3074,9,0
10104,3075,10,0
10104,9000016,11,1
10203,9000016,1,0
10203,3023,2,0
10203,3024,3,0
10203,3025,4,0
10203,3026,5,0
10203,3027,6,0
10203,3028,7,0
10203,3029,8,0
10203,3030,9,0
10203,3031,10,0
10203,3032,11,0
10203,3033,12,0
10203,3034,13,0
10203,3035,14,0
10203,3003,15,0
10203,3001,16,0
10203,3002,17,0
10203,3004,18,0
10203,3005,19,1
10204,3005,1,0
10204,3006,2,0
10204,3007,3,0
10204,3008,4,0
10204,3009,5,0
10204,3010,6,0
10204,3011,7,0
10204,3012,8,0
10204,3014,9,0
10204,3015,10,0
10204,3016,11,0
10204,3017,12,0
10204,3018,13,0
10204,3019,14,0
10204,3020,15,0
10204,3021,16,0
10204,3022,17,0
10204,3023,18,0
10204,9000016,19,1
