60200,'11',929,,3279,4,,1,100,,3276,4,,1,100,,3284,4,,1,100,,3280,4,,1,100,,3283,4,,1,100,,3278,4,,1,100,,3282,4,,1,100,,3286,4,,1,100,,3285,4,,1,100,,3281,4,,1,100,,3277,4,,1,100,,3287,4,,1
60200,'14',929,,3308,4,,1,30,,2084,4,,1,70,,3290,4,,1,30,,3306,4,,1,70,,3293,4,,1,30,,3288,4,,1,70,,3292,4,,1,30,,3307,4,,1,70,,3300,4,,1,30,,3295,4,,1,70,,3297,4,,1,30,,3298,4,,1,70,,3305,4,,1,30,,3289,4,,1,70,,3302,4,,1,30,,3304,4,,1,70,,1677,4,,1,30,,3299,4,,1,70,,3296,4,,1,30,,3294,4,,1,70,,3303,4,,1,30,,3291,4,,1,70,,3301,4,,1
60200,'18',929,,3312,4,,1,100,,3309,4,,1,100,,3317,4,,1,100,,3313,4,,1,100,,3316,4,,1,100,,3311,4,,1,100,,3315,4,,1,100,,3319,4,,1,100,,3318,4,,1,100,,3314,4,,1,100,,3310,4,,1,100,,3320,4,,1
60200,'20',929,,3341,4,,1,30,,3335,4,,1,70,,3322,4,,1,30,,3339,4,,1,70,,3325,4,,1,30,,3321,4,,1,70,,3324,4,,1,30,,3340,4,,1,70,,3333,4,,1,30,,3327,4,,1,70,,3329,4,,1,30,,3331,4,,1,70,,3338,4,,1,30,,267,4,,1,70,,3336,4,,1,30,,1890,4,,1,70,,3330,4,,1,30,,3332,4,,1,70,,3328,4,,1,30,,3326,4,,1,70,,3337,4,,1,30,,3323,4,,1,70,,3334,4,,1
60200,'4',929,,3364,4,,1,30,,3357,4,,1,70,,3344,4,,1,30,,3362,4,,1,70,,3347,4,,1,30,,3342,4,,1,70,,3346,4,,1,30,,3363,4,,1,70,,3355,4,,1,30,,3349,4,,1,70,,3351,4,,1,30,,3353,4,,1,70,,3361,4,,1,30,,3343,4,,1,70,,3358,4,,1,30,,3360,4,,1,70,,3352,4,,1,30,,3354,4,,1,70,,3350,4,,1,30,,3348,4,,1,70,,3359,4,,1,30,,3345,4,,1,70,,3356,4,,1
60200,'8',929,,3368,4,,1,100,,3365,4,,1,100,,3373,4,,1,100,,3369,4,,1,100,,3372,4,,1,100,,3367,4,,1,100,,3371,4,,1,100,,3375,4,,1,100,,3374,4,,1,100,,3370,4,,1,100,,3366,4,,1,100,,3376,4,,1
60201,'11',930,,3380,0,5 6 2 13,1,100,,3379,0,5 6 2 13,1,100,,3387,0,5 6 2 13,1,100,,3382,0,5 6 2 13,1,100,,3377,0,5 6 2 13,1,100,,3378,0,5 6 2 13,1,100,,3384,0,5 6 2 13,1,100,,3383,0,5 6 2 13,1,100,,1428,0,5 6 2 13,1,100,,3381,0,5 6 2 13,1,100,,3385,0,5 6 2 13,1,100,,3386,0,5 6 2 13,1
60201,'14',930,,3396,0,5 6 2 13,1,70,,3402,0,5 6 2 13,1,30,,3403,0,5 6 2 13,1,70,,3389,0,5 6 2 13,1,30,,3392,0,5 6 2 13,1,70,,3409,0,5 6 2 13,1,30,,3408,0,5 6 2 13,1,70,,3388,0,5 6 2 13,1,30,,3391,0,5 6 2 13,1,70,,3406,0,5 6 2 13,1,30,,3404,0,5 6 2 13,1,70,,3405,0,5 6 2 13,1,30,,3407,0,5 6 2 13,1,70,,3393,0,5 6 2 13,1,30,,3397,0,5 6 2 13,1,70,,3394,0,5 6 2 13,1,30,,3390,0,5 6 2 13,1,70,,3399,0,5 6 2 13,1,30,,3395,0,5 6 2 13,1,70,,3400,0,5 6 2 13,1,30,,3398,0,5 6 2 13,1,70,,3401,0,5 6 2 13,1,30,,1423,0,5 6 2 13,1
60201,'18',930,,3414,0,5 6 2 13,1,100,,3412,0,5 6 2 13,1,100,,3421,0,5 6 2 13,1,100,,3416,0,5 6 2 13,1,100,,3410,0,5 6 2 13,1,100,,3411,0,5 6 2 13,1,100,,3418,0,5 6 2 13,1,100,,3417,0,5 6 2 13,1,100,,3413,0,5 6 2 13,1,100,,3415,0,5 6 2 13,1,100,,3419,0,5 6 2 13,1,100,,3420,0,5 6 2 13,1
60201,'20',930,,1449,0,5 6 2 13,1,70,,3433,0,5 6 2 13,1,30,,3434,0,5 6 2 13,1,70,,3423,0,5 6 2 13,1,30,,3426,0,5 6 2 13,1,70,,3441,0,5 6 2 13,1,30,,3440,0,5 6 2 13,1,70,,3422,0,5 6 2 13,1,30,,3425,0,5 6 2 13,1,70,,3438,0,5 6 2 13,1,30,,3436,0,5 6 2 13,1,70,,3437,0,5 6 2 13,1,30,,3439,0,5 6 2 13,1,70,,3427,0,5 6 2 13,1,30,,1881,0,5 6 2 13,1,70,,3428,0,5 6 2 13,1,30,,3424,0,5 6 2 13,1,70,,3430,0,5 6 2 13,1,30,,1938,0,5 6 2 13,1,70,,3431,0,5 6 2 13,1,30,,3429,0,5 6 2 13,1,70,,3432,0,5 6 2 13,1,30,,3435,0,5 6 2 13,1
60201,'4',930,,3450,0,5 6 2 13,1,70,,3456,0,5 6 2 13,1,30,,3457,0,5 6 2 13,1,70,,3443,0,5 6 2 13,1,30,,3446,0,5 6 2 13,1,70,,3464,0,5 6 2 13,1,30,,3463,0,5 6 2 13,1,70,,3442,0,5 6 2 13,1,30,,3445,0,5 6 2 13,1,70,,3461,0,5 6 2 13,1,30,,3459,0,5 6 2 13,1,70,,3460,0,5 6 2 13,1,30,,3462,0,5 6 2 13,1,70,,3447,0,5 6 2 13,1,30,,3451,0,5 6 2 13,1,70,,3448,0,5 6 2 13,1,30,,3444,0,5 6 2 13,1,70,,3453,0,5 6 2 13,1,30,,3449,0,5 6 2 13,1,70,,3454,0,5 6 2 13,1,30,,3452,0,5 6 2 13,1,70,,3455,0,5 6 2 13,1,30,,3458,0,5 6 2 13,1
60201,'8',930,,3469,0,5 6 2 13,1,100,,3467,0,5 6 2 13,1,100,,3476,0,5 6 2 13,1,100,,3471,0,5 6 2 13,1,100,,3465,0,5 6 2 13,1,100,,3466,0,5 6 2 13,1,100,,3473,0,5 6 2 13,1,100,,3472,0,5 6 2 13,1,100,,3468,0,5 6 2 13,1,100,,3470,0,5 6 2 13,1,100,,3474,0,5 6 2 13,1,100,,3475,0,5 6 2 13,1
