60300,'11',930,,3478,4,,1,70,,3516,4,,1,30,,3488,4,,1,70,,3490,4,,1,30,,3501,4,,1,70,,3477,4,,1,30,,3511,4,,1,70,,3513,4,,1,30,,3506,4,,1,70,,3503,4,,1,30,,3504,4,,1,70,,3508,4,,1,30,,3500,4,,1,70,,3515,4,,1,30,,3493,4,,1,70,,3498,4,,1,30,,3514,4,,1
60300,'14',938,,3572,0,11 12,1,15,,3579,0,11 12,1,55,,3520,0,11 12,1,15,,3591,0,11 12,1,15,,3583,0,11 12,1,15,,3542,0,11 12,1,55,,3521,0,11 12,1,15,,3554,0,11 12,1,15,,3559,0,11 12,1,15,,3569,0,11 12,1,55,,3562,0,11 12,1,15,,3534,0,11 12,1,15,,3556,0,11 12,1,15,,3570,0,11 12,1,55,,3531,0,11 12,1,15,,3550,0,11 12,1,15,,3594,0,11 12,1,15,,3574,0,11 12,1,55,,3573,0,11 12,1,15,,3555,0,11 12,1,15,,3530,0,11 12,1,15,,3561,0,11 12,1,55,,3532,0,11 12,1,15,,3533,0,11 12,1,15,,3525,0,11 12,1,15,,3528,0,11 12,1,55,,3578,0,11 12,1,15,,3517,0,11 12,1,15,,3584,0,11 12,1,15,,3589,0,11 12,1,55,,3527,0,11 12,1,15,,3587,0,11 12,1,15,,3568,0,11 12,1,15,,3518,0,11 12,1,55,,3546,0,11 12,1,15,,3581,0,11 12,1,15,,3541,0,11 12,1
60300,'18',930,,3596,4,,1,70,,3634,4,,1,30,,3606,4,,1,70,,3608,4,,1,30,,3619,4,,1,70,,3595,4,,1,30,,3629,4,,1,70,,3631,4,,1,30,,3624,4,,1,70,,3621,4,,1,30,,3622,4,,1,70,,3626,4,,1,30,,3618,4,,1,70,,3633,4,,1,30,,3611,4,,1,70,,3616,4,,1,30,,3632,4,,1
60300,'20',938,,3688,0,11 12,1,15,,3693,0,11 12,1,55,,3638,0,11 12,1,15,,3705,0,11 12,1,15,,3697,0,11 12,1,15,,3659,0,11 12,1,55,,3639,0,11 12,1,15,,3670,0,11 12,1,15,,3675,0,11 12,1,15,,3685,0,11 12,1,55,,3678,0,11 12,1,15,,3651,0,11 12,1,15,,3672,0,11 12,1,15,,3686,0,11 12,1,55,,3648,0,11 12,1,15,,3667,0,11 12,1,15,,3708,0,11 12,1,15,,3689,0,11 12,1,55,,1947,0,11 12,1,15,,3671,0,11 12,1,15,,1763,0,11 12,1,15,,3677,0,11 12,1,55,,3649,0,11 12,1,15,,3650,0,11 12,1,15,,3643,0,11 12,1,15,,3646,0,11 12,1,55,,3692,0,11 12,1,15,,3635,0,11 12,1,15,,3698,0,11 12,1,15,,3703,0,11 12,1,55,,3645,0,11 12,1,15,,3701,0,11 12,1,15,,3684,0,11 12,1,15,,3636,0,11 12,1,55,,3663,0,11 12,1,15,,3695,0,11 12,1,15,,3658,0,11 12,1
60300,'4',938,,3764,0,11 12,1,15,,3771,0,11 12,1,55,,3712,0,11 12,1,15,,3783,0,11 12,1,15,,3775,0,11 12,1,15,,3734,0,11 12,1,55,,3713,0,11 12,1,15,,3746,0,11 12,1,15,,3751,0,11 12,1,15,,3761,0,11 12,1,55,,3754,0,11 12,1,15,,3726,0,11 12,1,15,,3748,0,11 12,1,15,,3762,0,11 12,1,55,,3723,0,11 12,1,15,,3742,0,11 12,1,15,,3786,0,11 12,1,15,,3766,0,11 12,1,55,,3765,0,11 12,1,15,,3747,0,11 12,1,15,,3722,0,11 12,1,15,,3753,0,11 12,1,55,,3724,0,11 12,1,15,,3725,0,11 12,1,15,,3717,0,11 12,1,15,,3720,0,11 12,1,55,,3770,0,11 12,1,15,,3709,0,11 12,1,15,,3776,0,11 12,1,15,,3781,0,11 12,1,55,,3719,0,11 12,1,15,,3779,0,11 12,1,15,,3760,0,11 12,1,15,,3710,0,11 12,1,55,,3738,0,11 12,1,15,,3773,0,11 12,1,15,,3733,0,11 12,1
60300,'8',930,,3788,4,,1,70,,3826,4,,1,30,,3798,4,,1,70,,3800,4,,1,30,,3811,4,,1,70,,3787,4,,1,30,,3821,4,,1,70,,3823,4,,1,30,,3816,4,,1,70,,3813,4,,1,30,,3814,4,,1,70,,3818,4,,1,30,,3810,4,,1,70,,3825,4,,1,30,,3803,4,,1,70,,3808,4,,1,30,,3824,4,,1
60301,'11',930,,3844,0,11 14,1,70,,3837,0,11 14,1,30,,3864,0,11 14,1,70,,3846,0,11 14,1,30,,3842,0,11 14,1,70,,3866,0,11 14,1,30,,3852,0,11 14,1,70,,3865,0,11 14,1,30,,3833,0,11 14,1,70,,3859,0,11 14,1,30,,3828,0,11 14,1,70,,3845,0,11 14,1,30,,3856,0,11 14,1,70,,3849,0,11 14,1,30,,3827,0,11 14,1,70,,3853,0,11 14,1,30,,3861,0,11 14,1
60301,'14',952,,3876,0,11 14,1,55,,3885,0,11 14,1,15,,3909,0,11 14,1,15,,3897,0,11 14,1,15,,3925,0,11 14,1,55,,3902,0,11 14,1,15,,3905,0,11 14,1,15,,3919,0,11 14,1,15,,3940,0,11 14,1,55,,3917,0,11 14,1,15,,3923,0,11 14,1,15,,1783,0,11 14,1,15,,3877,0,11 14,1,55,,3901,0,11 14,1,15,,3932,0,11 14,1,15,,3930,0,11 14,1,15,,3936,0,11 14,1,55,,3874,0,11 14,1,15,,3916,0,11 14,1,15,,2080,0,11 14,1,15,,3931,0,11 14,1,55,,3883,0,11 14,1,15,,3892,0,11 14,1,15,,3880,0,11 14,1,15,,3918,0,11 14,1,55,,3937,0,11 14,1,15,,3899,0,11 14,1,15,,3939,0,11 14,1,15,,3872,0,11 14,1,55,,3879,0,11 14,1,15,,3873,0,11 14,1,15,,3867,0,11 14,1,15,,3914,0,11 14,1,55,,3898,0,11 14,1,15,,3871,0,11 14,1,15,,3894,0,11 14,1,15,,3929,0,11 14,1
60301,'18',930,,3959,0,11 14,1,70,,3952,0,11 14,1,30,,3979,0,11 14,1,70,,3961,0,11 14,1,30,,3957,0,11 14,1,70,,3981,0,11 14,1,30,,3967,0,11 14,1,70,,3980,0,11 14,1,30,,3948,0,11 14,1,70,,3974,0,11 14,1,30,,3943,0,11 14,1,70,,3960,0,11 14,1,30,,3971,0,11 14,1,70,,3964,0,11 14,1,30,,3942,0,11 14,1,70,,3968,0,11 14,1,30,,3976,0,11 14,1
60301,'20',952,,3990,0,11 14,1,55,,4000,0,11 14,1,15,,4025,0,11 14,1,15,,4013,0,11 14,1,15,,4042,0,11 14,1,55,,4018,0,11 14,1,15,,4021,0,11 14,1,15,,4036,0,11 14,1,15,,4057,0,11 14,1,55,,4033,0,11 14,1,15,,4040,0,11 14,1,15,,3993,0,11 14,1,15,,3991,0,11 14,1,55,,4017,0,11 14,1,15,,4049,0,11 14,1,15,,4047,0,11 14,1,15,,4053,0,11 14,1,55,,3988,0,11 14,1,15,,4032,0,11 14,1,15,,4010,0,11 14,1,15,,4048,0,11 14,1,55,,3998,0,11 14,1,15,,4007,0,11 14,1,15,,3995,0,11 14,1,15,,4035,0,11 14,1,55,,4054,0,11 14,1,15,,4015,0,11 14,1,15,,4056,0,11 14,1,15,,3987,0,11 14,1,55,,3994,0,11 14,1,15,,1591,0,11 14,1,15,,3982,0,11 14,1,15,,4030,0,11 14,1,55,,4014,0,11 14,1,15,,3986,0,11 14,1,15,,4009,0,11 14,1,15,,4046,0,11 14,1
60301,'4',952,,4068,0,11 14,1,55,,4078,0,11 14,1,15,,4103,0,11 14,1,15,,4091,0,11 14,1,15,,4120,0,11 14,1,55,,4096,0,11 14,1,15,,4099,0,11 14,1,15,,4114,0,11 14,1,15,,4135,0,11 14,1,55,,4111,0,11 14,1,15,,4118,0,11 14,1,15,,4071,0,11 14,1,15,,4069,0,11 14,1,55,,4095,0,11 14,1,15,,4127,0,11 14,1,15,,4125,0,11 14,1,15,,4131,0,11 14,1,55,,4066,0,11 14,1,15,,4110,0,11 14,1,15,,4088,0,11 14,1,15,,4126,0,11 14,1,55,,4076,0,11 14,1,15,,4085,0,11 14,1,15,,4073,0,11 14,1,15,,4113,0,11 14,1,55,,4132,0,11 14,1,15,,4093,0,11 14,1,15,,4134,0,11 14,1,15,,4064,0,11 14,1,55,,4072,0,11 14,1,15,,4065,0,11 14,1,15,,4059,0,11 14,1,15,,4108,0,11 14,1,55,,4092,0,11 14,1,15,,4063,0,11 14,1,15,,4087,0,11 14,1,15,,4124,0,11 14,1
60301,'8',930,,4154,0,11 14,1,70,,4147,0,11 14,1,30,,4174,0,11 14,1,70,,4156,0,11 14,1,30,,4152,0,11 14,1,70,,4176,0,11 14,1,30,,4162,0,11 14,1,70,,4175,0,11 14,1,30,,4143,0,11 14,1,70,,4169,0,11 14,1,30,,4138,0,11 14,1,70,,4155,0,11 14,1,30,,4166,0,11 14,1,70,,4159,0,11 14,1,30,,4137,0,11 14,1,70,,4163,0,11 14,1,30,,4171,0,11 14,1
