'1',20260725,0,20260725,2,20260801,0,20260801,2,20260808,0,20260808,2,20260815,0,20260815,2,20260822,0,20260822,2,20260829,0,20260829,1,20260905,0,20260905,2
'11',20260725,0,20260725,2,20260801,0,20260801,2,20260808,0,20260808,2,20260815,0,20260815,2,20260822,0,20260822,2,20260829,0,20260829,2,20260905,0,20260905,1
'12',20260721,0,20260721,2,20260722,0,20260722,2,20260723,0,20260723,2,20260728,0,20260728,2,20260729,0,20260729,2,20260730,0,20260730,2,20260804,0,20260804,2,20260805,0,20260805,2,20260806,0,20260806,2,20260811,0,20260811,2,20260812,0,20260812,2,20260813,0,20260813,2,20260818,0,20260818,2,20260819,0,20260819,2,20260820,0,20260820,2,20260825,0,20260825,2,20260826,0,20260826,2,20260827,0,20260827,2,20260901,0,20260901,1,20260902,0,20260902,1,20260903,0,20260903,1
'13',20260724,0,20260731,0,20260807,0,20260814,0,20260821,0,20260828,0,20260904,0,20260904,2
'16',20260725,0,20260801,0,20260808,0,20260815,0,20260822,0,20260829,0,20260829,2,20260905,0,20260905,2
'2',20260720,0,20260721,0,20260722,0,20260723,0,20260724,0,20260727,0,20260728,0,20260729,0,20260730,0,20260731,0,20260803,0,20260803,2,20260804,0,20260805,0,20260806,0,20260807,0,20260810,0,20260811,0,20260812,0,20260813,0,20260814,0,20260817,0,20260818,0,20260819,0,20260820,0,20260821,0,20260824,0,20260825,0,20260826,0,20260827,0,20260828,0,20260831,0,20260901,0,20260902,0,20260903,0,20260904,0
'3',20260720,0,20260721,0,20260722,0,20260723,0,20260727,0,20260728,0,20260729,0,20260730,0,20260803,0,20260803,2,20260804,0,20260805,0,20260806,0,20260810,0,20260811,0,20260812,0,20260813,0,20260817,0,20260818,0,20260819,0,20260820,0,20260824,0,20260825,0,20260826,0,20260827,0,20260831,0,20260901,0,20260901,2,20260902,0,20260902,2,20260903,0,20260903,2
'4',20260725,0,20260801,0,20260808,0,20260815,0,20260822,0,20260829,0,20260905,0
'5',20260719,0,20260726,0,20260802,0,20260803,1,20260809,0,20260816,0,20260823,0,20260830,0
'6',20260724,0,20260724,2,20260731,0,20260731,2,20260807,0,20260807,2,20260814,0,20260814,2,20260821,0,20260821,2,20260828,0,20260828,2,20260904,0,20260904,1
