60200,'11',906,,3279,0,5 6 2 7 8 2 9 10,1,100,,3276,0,5 6 2 7 8 2 9 10,1,100,,3284,0,5 6 2 7 8 2 9 10,1,100,,3280,0,5 6 2 7 8 2 9 10,1,100,,3283,0,5 6 2 7 8 2 9 10,1,100,,3278,0,5 6 2 7 8 2 9 10,1,100,,3282,0,5 6 2 7 8 2 9 10,1,100,,3286,0,5 6 2 7 8 2 9 10,1,100,,3285,0,5 6 2 7 8 2 9 10,1,100,,3281,0,5 6 2 7 8 2 9 10,1,100,,3277,0,5 6 2 7 8 2 9 10,1,100,,3287,0,5 6 2 7 8 2 9 10,1
60200,'14',906,,3308,0,5 6 2 7 8 2 9 10,1,30,,2084,0,5 6 2 7 8 2 9 10,1,70,,3290,0,5 6 2 7 8 2 9 10,1,30,,3306,0,5 6 2 7 8 2 9 10,1,70,,3293,0,5 6 2 7 8 2 9 10,1,30,,3288,0,5 6 2 7 8 2 9 10,1,70,,3292,0,5 6 2 7 8 2 9 10,1,30,,3307,0,5 6 2 7 8 2 9 10,1,70,,3300,0,5 6 2 7 8 2 9 10,1,30,,3295,0,5 6 2 7 8 2 9 10,1,70,,3297,0,5 6 2 7 8 2 9 10,1,30,,3298,0,5 6 2 7 8 2 9 10,1,70,,3305,0,5 6 2 7 8 2 9 10,1,30,,3289,0,5 6 2 7 8 2 9 10,1,70,,3302,0,5 6 2 7 8 2 9 10,1,30,,3304,0,5 6 2 7 8 2 9 10,1,70,,1677,0,5 6 2 7 8 2 9 10,1,30,,3299,0,5 6 2 7 8 2 9 10,1,70,,3296,0,5 6 2 7 8 2 9 10,1,30,,3294,0,5 6 2 7 8 2 9 10,1,70,,3303,0,5 6 2 7 8 2 9 10,1,30,,3291,0,5 6 2 7 8 2 9 10,1,70,,3301,0,5 6 2 7 8 2 9 10,1
60200,'18',906,,3312,0,5 6 2 7 8 2 9 10,1,100,,3309,0,5 6 2 7 8 2 9 10,1,100,,3317,0,5 6 2 7 8 2 9 10,1,100,,3313,0,5 6 2 7 8 2 9 10,1,100,,3316,0,5 6 2 7 8 2 9 10,1,100,,3311,0,5 6 2 7 8 2 9 10,1,100,,3315,0,5 6 2 7 8 2 9 10,1,100,,3319,0,5 6 2 7 8 2 9 10,1,100,,3318,0,5 6 2 7 8 2 9 10,1,100,,3314,0,5 6 2 7 8 2 9 10,1,100,,3310,0,5 6 2 7 8 2 9 10,1,100,,3320,0,5 6 2 7 8 2 9 10,1
60200,'20',906,,3341,0,5 6 2 7 8 2 9 10,1,30,,3335,0,5 6 2 7 8 2 9 10,1,70,,3322,0,5 6 2 7 8 2 9 10,1,30,,3339,0,5 6 2 7 8 2 9 10,1,70,,3325,0,5 6 2 7 8 2 9 10,1,30,,3321,0,5 6 2 7 8 2 9 10,1,70,,3324,0,5 6 2 7 8 2 9 10,1,30,,3340,0,5 6 2 7 8 2 9 10,1,70,,3333,0,5 6 2 7 8 2 9 10,1,30,,3327,0,5 6 2 7 8 2 9 10,1,70,,3329,0,5 6 2 7 8 2 9 10,1,30,,3331,0,5 6 2 7 8 2 9 10,1,70,,3338,0,5 6 2 7 8 2 9 10,1,30,,267,0,5 6 2 7 8 2 9 10,1,70,,3336,0,5 6 2 7 8 2 9 10,1,30,,1890,0,5 6 2 7 8 2 9 10,1,70,,3330,0,5 6 2 7 8 2 9 10,1,30,,3332,0,5 6 2 7 8 2 9 10,1,70,,3328,0,5 6 2 7 8 2 9 10,1,30,,3326,0,5 6 2 7 8 2 9 10,1,70,,3337,0,5 6 2 7 8 2 9 10,1,30,,3323,0,5 6 2 7 8 2 9 10,1,70,,3334,0,5 6 2 7 8 2 9 10,1
60200,'4',906,,3364,0,5 6 2 7 8 2 9 10,1,30,,3357,0,5 6 2 7 8 2 9 10,1,70,,3344,0,5 6 2 7 8 2 9 10,1,30,,3362,0,5 6 2 7 8 2 9 10,1,70,,3347,0,5 6 2 7 8 2 9 10,1,30,,3342,0,5 6 2 7 8 2 9 10,1,70,,3346,0,5 6 2 7 8 2 9 10,1,30,,3363,0,5 6 2 7 8 2 9 10,1,70,,3355,0,5 6 2 7 8 2 9 10,1,30,,3349,0,5 6 2 7 8 2 9 10,1,70,,3351,0,5 6 2 7 8 2 9 10,1,30,,3353,0,5 6 2 7 8 2 9 10,1,70,,3361,0,5 6 2 7 8 2 9 10,1,30,,3343,0,5 6 2 7 8 2 9 10,1,70,,3358,0,5 6 2 7 8 2 9 10,1,30,,3360,0,5 6 2 7 8 2 9 10,1,70,,3352,0,5 6 2 7 8 2 9 10,1,30,,3354,0,5 6 2 7 8 2 9 10,1,70,,3350,0,5 6 2 7 8 2 9 10,1,30,,3348,0,5 6 2 7 8 2 9 10,1,70,,3359,0,5 6 2 7 8 2 9 10,1,30,,3345,0,5 6 2 7 8 2 9 10,1,70,,3356,0,5 6 2 7 8 2 9 10,1
60200,'8',906,,3368,0,5 6 2 7 8 2 9 10,1,100,,3365,0,5 6 2 7 8 2 9 10,1,100,,3373,0,5 6 2 7 8 2 9 10,1,100,,3369,0,5 6 2 7 8 2 9 10,1,100,,3372,0,5 6 2 7 8 2 9 10,1,100,,3367,0,5 6 2 7 8 2 9 10,1,100,,3371,0,5 6 2 7 8 2 9 10,1,100,,3375,0,5 6 2 7 8 2 9 10,1,100,,3374,0,5 6 2 7 8 2 9 10,1,100,,3370,0,5 6 2 7 8 2 9 10,1,100,,3366,0,5 6 2 7 8 2 9 10,1,100,,3376,0,5 6 2 7 8 2 9 10,1
60201,'11',955,,3380,0,5 6 2 13,1,100,,3379,0,5 6 2 13,1,100,,3387,0,5 6 2 13,1,100,,3382,0,5 6 2 13,1,100,,3377,0,5 6 2 13,1,100,,3378,0,5 6 2 13,1,100,,3384,0,5 6 2 13,1,100,,3383,0,5 6 2 13,1,100,,1428,0,5 6 2 13,1,100,,3381,0,5 6 2 13,1,100,,3385,0,5 6 2 13,1,100,,3386,0,5 6 2 13,1
60201,'14',955,,3396,0,5 6 2 13,1,70,,3402,0,5 6 2 13,1,30,,3403,0,5 6 2 13,1,70,,3389,0,5 6 2 13,1,30,,3392,0,5 6 2 13,1,70,,3409,0,5 6 2 13,1,30,,3408,0,5 6 2 13,1,70,,3388,0,5 6 2 13,1,30,,3391,0,5 6 2 13,1,70,,3406,0,5 6 2 13,1,30,,3404,0,5 6 2 13,1,70,,3405,0,5 6 2 13,1,30,,3407,0,5 6 2 13,1,70,,3393,0,5 6 2 13,1,30,,3397,0,5 6 2 13,1,70,,3394,0,5 6 2 13,1,30,,3390,0,5 6 2 13,1,70,,3399,0,5 6 2 13,1,30,,3395,0,5 6 2 13,1,70,,3400,0,5 6 2 13,1,30,,3398,0,5 6 2 13,1,70,,3401,0,5 6 2 13,1,30,,1423,0,5 6 2 13,1
60201,'18',955,,3414,0,5 6 2 13,1,100,,3412,0,5 6 2 13,1,100,,3421,0,5 6 2 13,1,100,,3416,0,5 6 2 13,1,100,,3410,0,5 6 2 13,1,100,,3411,0,5 6 2 13,1,100,,3418,0,5 6 2 13,1,100,,3417,0,5 6 2 13,1,100,,3413,0,5 6 2 13,1,100,,3415,0,5 6 2 13,1,100,,3419,0,5 6 2 13,1,100,,3420,0,5 6 2 13,1
60201,'20',955,,1449,0,5 6 2 13,1,70,,3433,0,5 6 2 13,1,30,,3434,0,5 6 2 13,1,70,,3423,0,5 6 2 13,1,30,,3426,0,5 6 2 13,1,70,,3441,0,5 6 2 13,1,30,,3440,0,5 6 2 13,1,70,,3422,0,5 6 2 13,1,30,,3425,0,5 6 2 13,1,70,,3438,0,5 6 2 13,1,30,,3436,0,5 6 2 13,1,70,,3437,0,5 6 2 13,1,30,,3439,0,5 6 2 13,1,70,,3427,0,5 6 2 13,1,30,,1881,0,5 6 2 13,1,70,,3428,0,5 6 2 13,1,30,,3424,0,5 6 2 13,1,70,,3430,0,5 6 2 13,1,30,,1938,0,5 6 2 13,1,70,,3431,0,5 6 2 13,1,30,,3429,0,5 6 2 13,1,70,,3432,0,5 6 2 13,1,30,,3435,0,5 6 2 13,1
60201,'4',955,,3450,0,5 6 2 13,1,70,,3456,0,5 6 2 13,1,30,,3457,0,5 6 2 13,1,70,,3443,0,5 6 2 13,1,30,,3446,0,5 6 2 13,1,70,,3464,0,5 6 2 13,1,30,,3463,0,5 6 2 13,1,70,,3442,0,5 6 2 13,1,30,,3445,0,5 6 2 13,1,70,,3461,0,5 6 2 13,1,30,,3459,0,5 6 2 13,1,70,,3460,0,5 6 2 13,1,30,,3462,0,5 6 2 13,1,70,,3447,0,5 6 2 13,1,30,,3451,0,5 6 2 13,1,70,,3448,0,5 6 2 13,1,30,,3444,0,5 6 2 13,1,70,,3453,0,5 6 2 13,1,30,,3449,0,5 6 2 13,1,70,,3454,0,5 6 2 13,1,30,,3452,0,5 6 2 13,1,70,,3455,0,5 6 2 13,1,30,,3458,0,5 6 2 13,1
60201,'8',955,,3469,0,5 6 2 13,1,100,,3467,0,5 6 2 13,1,100,,3476,0,5 6 2 13,1,100,,3471,0,5 6 2 13,1,100,,3465,0,5 6 2 13,1,100,,3466,0,5 6 2 13,1,100,,3473,0,5 6 2 13,1,100,,3472,0,5 6 2 13,1,100,,3468,0,5 6 2 13,1,100,,3470,0,5 6 2 13,1,100,,3474,0,5 6 2 13,1,100,,3475,0,5 6 2 13,1
60300,'11',905,,3502,0,11 12,1,30,,3505,0,11 12,1,70,,3483,0,11 12,1,30,,3482,0,11 12,1,70,,3485,0,11 12,1,30,,3491,0,11 12,1,70,,3486,0,11 12,1,30,,3499,0,11 12,1,70,,3496,0,11 12,1,30,,3489,0,11 12,1,70,,3494,0,11 12,1,30,,3497,0,11 12,1,70,,3480,0,11 12,1,30,,3512,0,11 12,1,70,,3481,0,11 12,1,30,,3495,0,11 12,1,70,,3507,0,11 12,1,30,,3509,0,11 12,1,70,,3484,0,11 12,1,30,,3492,0,11 12,1,70,,3510,0,11 12,1,30,,3487,0,11 12,1,70,,3479,0,11 12,1
60300,'14',907,,3586,0,11 12,1,15,,3565,0,11 12,1,15,,3544,0,11 12,1,15,,3538,0,11 12,1,55,,3557,0,11 12,1,15,,3558,0,11 12,1,15,,3567,0,11 12,1,15,,3543,0,11 12,1,55,,3537,0,11 12,1,15,,3590,0,11 12,1,15,,3545,0,11 12,1,15,,3526,0,11 12,1,55,,3551,0,11 12,1,15,,3548,0,11 12,1,15,,3580,0,11 12,1,15,,3552,0,11 12,1,55,,3575,0,11 12,1,15,,3523,0,11 12,1,15,,3582,0,11 12,1,15,,3577,0,11 12,1,55,,3553,0,11 12,1,15,,3522,0,11 12,1,15,,3588,0,11 12,1,15,,3592,0,11 12,1,55,,3536,0,11 12,1,15,,3547,0,11 12,1,15,,3535,0,11 12,1,15,,3566,0,11 12,1,55,,3576,0,11 12,1,15,,3524,0,11 12,1,15,,3519,0,11 12,1,15,,3593,0,11 12,1,55,,3549,0,11 12,1,15,,3585,0,11 12,1,15,,3560,0,11 12,1,15,,3563,0,11 12,1,55,,3564,0,11 12,1,30,,3540,0,11 12,1,70,,3539,0,11 12,1,30,,3529,0,11 12,1,70,,3571,0,11 12,1
60300,'18',905,,3620,0,11 12,1,30,,3623,0,11 12,1,70,,3601,0,11 12,1,30,,3600,0,11 12,1,70,,3603,0,11 12,1,30,,3609,0,11 12,1,70,,3604,0,11 12,1,30,,3617,0,11 12,1,70,,3614,0,11 12,1,30,,3607,0,11 12,1,70,,3612,0,11 12,1,30,,3615,0,11 12,1,70,,3598,0,11 12,1,30,,3630,0,11 12,1,70,,3599,0,11 12,1,30,,3613,0,11 12,1,70,,3625,0,11 12,1,30,,3627,0,11 12,1,70,,3602,0,11 12,1,30,,3610,0,11 12,1,70,,3628,0,11 12,1,30,,3605,0,11 12,1,70,,3597,0,11 12,1
60300,'20',907,,3700,0,11 12,1,15,,3681,0,11 12,1,15,,3661,0,11 12,1,15,,3655,0,11 12,1,55,,3673,0,11 12,1,15,,3674,0,11 12,1,15,,3683,0,11 12,1,15,,3660,0,11 12,1,55,,3654,0,11 12,1,15,,3704,0,11 12,1,15,,3662,0,11 12,1,15,,3644,0,11 12,1,55,,3668,0,11 12,1,15,,3665,0,11 12,1,15,,3694,0,11 12,1,15,,1653,0,11 12,1,55,,3690,0,11 12,1,15,,3641,0,11 12,1,15,,3696,0,11 12,1,15,,2068,0,11 12,1,55,,3669,0,11 12,1,15,,3640,0,11 12,1,15,,3702,0,11 12,1,15,,3706,0,11 12,1,55,,3653,0,11 12,1,15,,3664,0,11 12,1,15,,3652,0,11 12,1,15,,3682,0,11 12,1,55,,3691,0,11 12,1,15,,3642,0,11 12,1,15,,3637,0,11 12,1,15,,3707,0,11 12,1,55,,3666,0,11 12,1,15,,3699,0,11 12,1,15,,3676,0,11 12,1,15,,3679,0,11 12,1,55,,3680,0,11 12,1,30,,3657,0,11 12,1,70,,3656,0,11 12,1,30,,3647,0,11 12,1,70,,3687,0,11 12,1
60300,'4',907,,3778,0,11 12,1,15,,3757,0,11 12,1,15,,3736,0,11 12,1,15,,3730,0,11 12,1,55,,3749,0,11 12,1,15,,3750,0,11 12,1,15,,3759,0,11 12,1,15,,3735,0,11 12,1,55,,3729,0,11 12,1,15,,3782,0,11 12,1,15,,3737,0,11 12,1,15,,3718,0,11 12,1,55,,3743,0,11 12,1,15,,3740,0,11 12,1,15,,3772,0,11 12,1,15,,3744,0,11 12,1,55,,3767,0,11 12,1,15,,3715,0,11 12,1,15,,3774,0,11 12,1,15,,3769,0,11 12,1,55,,3745,0,11 12,1,15,,3714,0,11 12,1,15,,3780,0,11 12,1,15,,3784,0,11 12,1,55,,3728,0,11 12,1,15,,3739,0,11 12,1,15,,3727,0,11 12,1,15,,3758,0,11 12,1,55,,3768,0,11 12,1,15,,3716,0,11 12,1,15,,3711,0,11 12,1,15,,3785,0,11 12,1,55,,3741,0,11 12,1,15,,3777,0,11 12,1,15,,3752,0,11 12,1,15,,3755,0,11 12,1,55,,3756,0,11 12,1,30,,3732,0,11 12,1,70,,3731,0,11 12,1,30,,3721,0,11 12,1,70,,3763,0,11 12,1
60300,'8',905,,3812,0,11 12,1,30,,3815,0,11 12,1,70,,3793,0,11 12,1,30,,3792,0,11 12,1,70,,3795,0,11 12,1,30,,3801,0,11 12,1,70,,3796,0,11 12,1,30,,3809,0,11 12,1,70,,3806,0,11 12,1,30,,3799,0,11 12,1,70,,3804,0,11 12,1,30,,3807,0,11 12,1,70,,3790,0,11 12,1,30,,3822,0,11 12,1,70,,3791,0,11 12,1,30,,3805,0,11 12,1,70,,3817,0,11 12,1,30,,3819,0,11 12,1,70,,3794,0,11 12,1,30,,3802,0,11 12,1,70,,3820,0,11 12,1,30,,3797,0,11 12,1,70,,3789,0,11 12,1
