75100,'1',700,,8641,1,0,38 42 43 44 37 45,1,100,,6780,1,0,38 42 43 44 37 45,1,100,,8633,1,0,38 42 43 44 37 45,1,100,,8644,1,0,38 42 43 44 37 45,1,100,,8636,1,0,38 42 43 44 37 45,1,100,,8640,1,0,38 42 43 44 37 45,1,100,,8643,1,0,38 42 43 44 37 45,1,100,,8638,1,0,38 42 43 44 37 45,1,100,,8635,1,0,38 42 43 44 37 45,1,100,,8645,1,0,38 42 43 44 37 45,1,100,,8639,1,0,38 42 43 44 37 45,1,100,,8646,1,0,38 42 43 44 37 45,1,100,,8637,1,0,38 42 43 44 37 45,1,100,,8648,1,0,38 42 43 44 37 45,1,100,,8634,1,0,38 42 43 44 37 45,1,100,,8647,1,0,38 42 43 44 37 45,1,100,,8642,1,0,38 42 43 44 37 45,1
75100,'11',700,,8658,1,0,38 42 43 44 37 45,1,100,,8649,1,0,38 42 43 44 37 45,1,100,,8650,1,0,38 42 43 44 37 45,1,100,,8661,1,0,38 42 43 44 37 45,1,100,,8653,1,0,38 42 43 44 37 45,1,100,,8657,1,0,38 42 43 44 37 45,1,100,,8660,1,0,38 42 43 44 37 45,1,100,,8655,1,0,38 42 43 44 37 45,1,100,,8652,1,0,38 42 43 44 37 45,1,100,,8662,1,0,38 42 43 44 37 45,1,100,,8656,1,0,38 42 43 44 37 45,1,100,,8663,1,0,38 42 43 44 37 45,1,100,,8654,1,0,38 42 43 44 37 45,1,100,,8665,1,0,38 42 43 44 37 45,1,100,,8651,1,0,38 42 43 44 37 45,1,100,,8664,1,0,38 42 43 44 37 45,1,100,,8659,1,0,38 42 43 44 37 45,1
75100,'12',700,,8666,1,0,38 42 43 44 37 45,1,100,,8677,1,0,38 42 43 44 37 45,1,100,,8679,1,0,38 42 43 44 37 45,1,100,,8668,1,0,38 42 43 44 37 45,1,100,,8676,1,0,38 42 43 44 37 45,1,100,,8667,1,0,38 42 43 44 37 45,1,100,,8672,1,0,38 42 43 44 37 45,1,100,,8670,1,0,38 42 43 44 37 45,1,100,,8682,1,0,38 42 43 44 37 45,1,100,,8673,1,0,38 42 43 44 37 45,1,100,,8674,1,0,38 42 43 44 37 45,1,100,,8669,1,0,38 42 43 44 37 45,1,100,,8678,1,0,38 42 43 44 37 45,1,100,,8681,1,0,38 42 43 44 37 45,1,100,,8675,1,0,38 42 43 44 37 45,1,100,,8680,1,0,38 42 43 44 37 45,1,100,,8671,1,0,38 42 43 44 37 45,1
75100,'13',700,,8683,1,0,38 42 43 44 37 45,1,100,,8694,1,0,38 42 43 44 37 45,1,100,,8696,1,0,38 42 43 44 37 45,1,100,,8685,1,0,38 42 43 44 37 45,1,100,,8693,1,0,38 42 43 44 37 45,1,100,,8684,1,0,38 42 43 44 37 45,1,100,,8689,1,0,38 42 43 44 37 45,1,100,,8687,1,0,38 42 43 44 37 45,1,100,,8699,1,0,38 42 43 44 37 45,1,100,,8690,1,0,38 42 43 44 37 45,1,100,,8691,1,0,38 42 43 44 37 45,1,100,,8686,1,0,38 42 43 44 37 45,1,100,,8695,1,0,38 42 43 44 37 45,1,100,,8698,1,0,38 42 43 44 37 45,1,100,,8692,1,0,38 42 43 44 37 45,1,100,,8697,1,0,38 42 43 44 37 45,1,100,,8688,1,0,38 42 43 44 37 45,1
75100,'16',700,,8708,1,0,38 42 43 44 37 45,1,100,,6814,1,0,38 42 43 44 37 45,1,100,,8700,1,0,38 42 43 44 37 45,1,100,,8711,1,0,38 42 43 44 37 45,1,100,,8703,1,0,38 42 43 44 37 45,1,100,,8707,1,0,38 42 43 44 37 45,1,100,,8710,1,0,38 42 43 44 37 45,1,100,,8705,1,0,38 42 43 44 37 45,1,100,,8702,1,0,38 42 43 44 37 45,1,100,,8712,1,0,38 42 43 44 37 45,1,100,,8706,1,0,38 42 43 44 37 45,1,100,,8713,1,0,38 42 43 44 37 45,1,100,,8704,1,0,38 42 43 44 37 45,1,100,,8715,1,0,38 42 43 44 37 45,1,100,,8701,1,0,38 42 43 44 37 45,1,100,,8714,1,0,38 42 43 44 37 45,1,100,,8709,1,0,38 42 43 44 37 45,1
75100,'3',700,,8716,1,0,38 42 43 44 37 45,1,100,,8726,1,0,38 42 43 44 37 45,1,100,,8728,1,0,38 42 43 44 37 45,1,100,,5650,1,0,38 42 43 44 37 45,1,100,,8725,1,0,38 42 43 44 37 45,1,100,,8717,1,0,38 42 43 44 37 45,1,100,,8721,1,0,38 42 43 44 37 45,1,100,,8719,1,0,38 42 43 44 37 45,1,100,,8731,1,0,38 42 43 44 37 45,1,100,,8722,1,0,38 42 43 44 37 45,1,100,,8723,1,0,38 42 43 44 37 45,1,100,,8718,1,0,38 42 43 44 37 45,1,100,,8727,1,0,38 42 43 44 37 45,1,100,,8730,1,0,38 42 43 44 37 45,1,100,,8724,1,0,38 42 43 44 37 45,1,100,,8729,1,0,38 42 43 44 37 45,1,100,,8720,1,0,38 42 43 44 37 45,1
75100,'6',700,,8732,1,0,38 42 43 44 37 45,1,100,,8743,1,0,38 42 43 44 37 45,1,100,,8745,1,0,38 42 43 44 37 45,1,100,,8734,1,0,38 42 43 44 37 45,1,100,,8742,1,0,38 42 43 44 37 45,1,100,,8733,1,0,38 42 43 44 37 45,1,100,,8738,1,0,38 42 43 44 37 45,1,100,,8736,1,0,38 42 43 44 37 45,1,100,,8748,1,0,38 42 43 44 37 45,1,100,,8739,1,0,38 42 43 44 37 45,1,100,,8740,1,0,38 42 43 44 37 45,1,100,,8735,1,0,38 42 43 44 37 45,1,100,,8744,1,0,38 42 43 44 37 45,1,100,,8747,1,0,38 42 43 44 37 45,1,100,,8741,1,0,38 42 43 44 37 45,1,100,,8746,1,0,38 42 43 44 37 45,1,100,,8737,1,0,38 42 43 44 37 45,1
75101,'1',746,,8760,16,4,,1,100,,8756,16,4,,1,100,,8758,16,4,,1,100,,8759,16,4,,1,100,,8765,16,4,,1,100,,8752,16,4,,1,100,,8751,16,4,,1,100,,8755,16,4,,1,100,,8764,16,4,,1,100,,8754,16,4,,1,100,,8763,16,4,,1,100,,8762,16,4,,1,100,,8757,16,4,,1,100,,8750,16,4,,1,100,,8753,16,4,,1,100,,8761,16,4,,1,100,,8749,16,4,,1
75101,'11',746,,8777,16,4,,1,100,,8773,16,4,,1,100,,8775,16,4,,1,100,,8776,16,4,,1,100,,8782,16,4,,1,100,,8769,16,4,,1,100,,8768,16,4,,1,100,,8772,16,4,,1,100,,8781,16,4,,1,100,,8771,16,4,,1,100,,8780,16,4,,1,100,,8779,16,4,,1,100,,8774,16,4,,1,100,,8767,16,4,,1,100,,8770,16,4,,1,100,,8778,16,4,,1,100,,8766,16,4,,1
75101,'12',746,,8797,16,4,,1,100,,8794,16,4,,1,100,,8784,16,4,,1,100,,8783,16,4,,1,100,,8796,16,4,,1,100,,8798,16,4,,1,100,,8791,16,4,,1,100,,8793,16,4,,1,100,,8795,16,4,,1,100,,8787,16,4,,1,100,,8786,16,4,,1,100,,8785,16,4,,1,100,,8789,16,4,,1,100,,8790,16,4,,1,100,,8799,16,4,,1,100,,8788,16,4,,1,100,,8792,16,4,,1
75101,'13',746,,8814,16,4,,1,100,,8811,16,4,,1,100,,8801,16,4,,1,100,,8800,16,4,,1,100,,8813,16,4,,1,100,,8815,16,4,,1,100,,8808,16,4,,1,100,,8810,16,4,,1,100,,8812,16,4,,1,100,,8804,16,4,,1,100,,8803,16,4,,1,100,,8802,16,4,,1,100,,8806,16,4,,1,100,,8807,16,4,,1,100,,8816,16,4,,1,100,,8805,16,4,,1,100,,8809,16,4,,1
75101,'16',746,,8828,16,4,,1,100,,8824,16,4,,1,100,,8826,16,4,,1,100,,8827,16,4,,1,100,,8833,16,4,,1,100,,8820,16,4,,1,100,,8819,16,4,,1,100,,8823,16,4,,1,100,,8832,16,4,,1,100,,8822,16,4,,1,100,,8831,16,4,,1,100,,8830,16,4,,1,100,,8825,16,4,,1,100,,8818,16,4,,1,100,,8821,16,4,,1,100,,8829,16,4,,1,100,,8817,16,4,,1
75101,'3',746,,8848,16,4,,1,100,,8845,16,4,,1,100,,8835,16,4,,1,100,,8834,16,4,,1,100,,8847,16,4,,1,100,,8849,16,4,,1,100,,8842,16,4,,1,100,,8844,16,4,,1,100,,8846,16,4,,1,100,,8838,16,4,,1,100,,8837,16,4,,1,100,,8836,16,4,,1,100,,8840,16,4,,1,100,,8841,16,4,,1,100,,8850,16,4,,1,100,,8839,16,4,,1,100,,8843,16,4,,1
75101,'6',746,,8865,16,4,,1,100,,8862,16,4,,1,100,,8852,16,4,,1,100,,8851,16,4,,1,100,,8864,16,4,,1,100,,8866,16,4,,1,100,,8859,16,4,,1,100,,8861,16,4,,1,100,,8863,16,4,,1,100,,8855,16,4,,1,100,,8854,16,4,,1,100,,8853,16,4,,1,100,,8857,16,4,,1,100,,8858,16,4,,1,100,,8867,16,4,,1,100,,8856,16,4,,1,100,,8860,16,4,,1
