75100,'1',718,,8641,17,,,1,100,,6780,17,,,1,100,,8633,17,,,1,100,,8644,17,,,1,100,,8636,17,,,1,100,,8640,17,,,1,100,,8643,17,,,1,100,,8638,17,,,1,100,,8635,17,,,1,100,,8645,17,,,1,100,,8639,17,,,1,100,,8646,17,,,1,100,,8637,17,,,1,100,,8648,17,,,1,100,,8634,17,,,1,100,,8647,17,,,1,100,,8642,17,,,1
75100,'11',718,,8658,17,,,1,100,,8649,17,,,1,100,,8650,17,,,1,100,,8661,17,,,1,100,,8653,17,,,1,100,,8657,17,,,1,100,,8660,17,,,1,100,,8655,17,,,1,100,,8652,17,,,1,100,,8662,17,,,1,100,,8656,17,,,1,100,,8663,17,,,1,100,,8654,17,,,1,100,,8665,17,,,1,100,,8651,17,,,1,100,,8664,17,,,1,100,,8659,17,,,1
75100,'12',718,,8666,17,,,1,100,,8677,17,,,1,100,,8679,17,,,1,100,,8668,17,,,1,100,,8676,17,,,1,100,,8667,17,,,1,100,,8672,17,,,1,100,,8670,17,,,1,100,,8682,17,,,1,100,,8673,17,,,1,100,,8674,17,,,1,100,,8669,17,,,1,100,,8678,17,,,1,100,,8681,17,,,1,100,,8675,17,,,1,100,,8680,17,,,1,100,,8671,17,,,1
75100,'13',718,,8683,17,,,1,100,,8694,17,,,1,100,,8696,17,,,1,100,,8685,17,,,1,100,,8693,17,,,1,100,,8684,17,,,1,100,,8689,17,,,1,100,,8687,17,,,1,100,,8699,17,,,1,100,,8690,17,,,1,100,,8691,17,,,1,100,,8686,17,,,1,100,,8695,17,,,1,100,,8698,17,,,1,100,,8692,17,,,1,100,,8697,17,,,1,100,,8688,17,,,1
75100,'16',718,,8708,17,,,1,100,,6814,17,,,1,100,,8700,17,,,1,100,,8711,17,,,1,100,,8703,17,,,1,100,,8707,17,,,1,100,,8710,17,,,1,100,,8705,17,,,1,100,,8702,17,,,1,100,,8712,17,,,1,100,,8706,17,,,1,100,,8713,17,,,1,100,,8704,17,,,1,100,,8715,17,,,1,100,,8701,17,,,1,100,,8714,17,,,1,100,,8709,17,,,1
75100,'3',718,,8716,17,,,1,100,,8726,17,,,1,100,,8728,17,,,1,100,,5650,17,,,1,100,,8725,17,,,1,100,,8717,17,,,1,100,,8721,17,,,1,100,,8719,17,,,1,100,,8731,17,,,1,100,,8722,17,,,1,100,,8723,17,,,1,100,,8718,17,,,1,100,,8727,17,,,1,100,,8730,17,,,1,100,,8724,17,,,1,100,,8729,17,,,1,100,,8720,17,,,1
75100,'6',718,,8732,17,,,1,100,,8743,17,,,1,100,,8745,17,,,1,100,,8734,17,,,1,100,,8742,17,,,1,100,,8733,17,,,1,100,,8738,17,,,1,100,,8736,17,,,1,100,,8748,17,,,1,100,,8739,17,,,1,100,,8740,17,,,1,100,,8735,17,,,1,100,,8744,17,,,1,100,,8747,17,,,1,100,,8741,17,,,1,100,,8746,17,,,1,100,,8737,17,,,1
75101,'1',740,,8760,13,0,17 18,1,100,,8756,13,0,17 18,1,100,,8758,13,0,17 18,1,100,,8759,13,0,17 18,1,100,,8765,13,0,17 18,1,100,,8752,13,0,17 18,1,100,,8751,13,0,17 18,1,100,,8755,13,0,17 18,1,100,,8764,13,0,17 18,1,100,,8754,13,0,17 18,1,100,,8763,13,0,17 18,1,100,,8762,13,0,17 18,1,100,,8757,13,0,17 18,1,100,,8750,13,0,17 18,1,100,,8753,13,0,17 18,1,100,,8761,13,0,17 18,1,100,,8749,13,0,17 18,1
75101,'11',740,,8777,13,0,17 18,1,100,,8773,13,0,17 18,1,100,,8775,13,0,17 18,1,100,,8776,13,0,17 18,1,100,,8782,13,0,17 18,1,100,,8769,13,0,17 18,1,100,,8768,13,0,17 18,1,100,,8772,13,0,17 18,1,100,,8781,13,0,17 18,1,100,,8771,13,0,17 18,1,100,,8780,13,0,17 18,1,100,,8779,13,0,17 18,1,100,,8774,13,0,17 18,1,100,,8767,13,0,17 18,1,100,,8770,13,0,17 18,1,100,,8778,13,0,17 18,1,100,,8766,13,0,17 18,1
75101,'12',740,,8797,13,0,17 18,1,100,,8794,13,0,17 18,1,100,,8784,13,0,17 18,1,100,,8783,13,0,17 18,1,100,,8796,13,0,17 18,1,100,,8798,13,0,17 18,1,100,,8791,13,0,17 18,1,100,,8793,13,0,17 18,1,100,,8795,13,0,17 18,1,100,,8787,13,0,17 18,1,100,,8786,13,0,17 18,1,100,,8785,13,0,17 18,1,100,,8789,13,0,17 18,1,100,,8790,13,0,17 18,1,100,,8799,13,0,17 18,1,100,,8788,13,0,17 18,1,100,,8792,13,0,17 18,1
75101,'13',740,,8814,13,0,17 18,1,100,,8811,13,0,17 18,1,100,,8801,13,0,17 18,1,100,,8800,13,0,17 18,1,100,,8813,13,0,17 18,1,100,,8815,13,0,17 18,1,100,,8808,13,0,17 18,1,100,,8810,13,0,17 18,1,100,,8812,13,0,17 18,1,100,,8804,13,0,17 18,1,100,,8803,13,0,17 18,1,100,,8802,13,0,17 18,1,100,,8806,13,0,17 18,1,100,,8807,13,0,17 18,1,100,,8816,13,0,17 18,1,100,,8805,13,0,17 18,1,100,,8809,13,0,17 18,1
75101,'16',740,,8828,13,0,17 18,1,100,,8824,13,0,17 18,1,100,,8826,13,0,17 18,1,100,,8827,13,0,17 18,1,100,,8833,13,0,17 18,1,100,,8820,13,0,17 18,1,100,,8819,13,0,17 18,1,100,,8823,13,0,17 18,1,100,,8832,13,0,17 18,1,100,,8822,13,0,17 18,1,100,,8831,13,0,17 18,1,100,,8830,13,0,17 18,1,100,,8825,13,0,17 18,1,100,,8818,13,0,17 18,1,100,,8821,13,0,17 18,1,100,,8829,13,0,17 18,1,100,,8817,13,0,17 18,1
75101,'3',740,,8848,13,0,17 18,1,100,,8845,13,0,17 18,1,100,,8835,13,0,17 18,1,100,,8834,13,0,17 18,1,100,,8847,13,0,17 18,1,100,,8849,13,0,17 18,1,100,,8842,13,0,17 18,1,100,,8844,13,0,17 18,1,100,,8846,13,0,17 18,1,100,,8838,13,0,17 18,1,100,,8837,13,0,17 18,1,100,,8836,13,0,17 18,1,100,,8840,13,0,17 18,1,100,,8841,13,0,17 18,1,100,,8850,13,0,17 18,1,100,,8839,13,0,17 18,1,100,,8843,13,0,17 18,1
75101,'6',740,,8865,13,0,17 18,1,100,,8862,13,0,17 18,1,100,,8852,13,0,17 18,1,100,,8851,13,0,17 18,1,100,,8864,13,0,17 18,1,100,,8866,13,0,17 18,1,100,,8859,13,0,17 18,1,100,,8861,13,0,17 18,1,100,,8863,13,0,17 18,1,100,,8855,13,0,17 18,1,100,,8854,13,0,17 18,1,100,,8853,13,0,17 18,1,100,,8857,13,0,17 18,1,100,,8858,13,0,17 18,1,100,,8867,13,0,17 18,1,100,,8856,13,0,17 18,1,100,,8860,13,0,17 18,1
