50100,'2',600,,6852,1,0,24 25,1,30,,6857,1,0,24 25,1,70,,6848,1,0,24 25,1,30,,6851,1,0,24 25,1,70,,6845,1,0,24 25,1,30,,6866,1,0,24 25,1,70,,6846,1,0,24 25,1,30,,6867,1,0,24 25,1,70,,6859,1,0,24 25,1,30,,6849,1,0,24 25,1,70,,6863,1,0,24 25,1,30,,6858,1,0,24 25,1,70,,6843,1,0,24 25,1,30,,6862,1,0,24 25,1,70,,6869,1,0,24 25,1,30,,6865,1,0,24 25,1,70,,6853,1,0,24 25,1,30,,6844,1,0,24 25,1,70,,6854,1,0,24 25,1,30,,6870,1,0,24 25,1,70,,6856,1,0,24 25,1,30,,6847,1,0,24 25,1,70,,6861,1,0,24 25,1,30,,6850,1,0,24 25,1,100,,6860,1,0,24 25,1,100,,6868,1,0,24 25,1,100,,6855,1,0,24 25,1,100,,6842,1,0,24 25,1,100,,6864,1,0,24 25,1
50100,'4',630,,6878,1,0,24 25,1,100,,6882,1,0,24 25,1,100,,6872,1,0,24 25,1,100,,6874,1,0,24 25,1,100,,6880,1,0,24 25,1,100,,6876,1,0,24 25,1,100,,6886,1,0,24 25,1,100,,6884,1,0,24 25,1,100,,6883,1,0,24 25,1,100,,6875,1,0,24 25,1,100,,6873,1,0,24 25,1,100,,6877,1,0,24 25,1,100,,6879,1,0,24 25,1,100,,6885,1,0,24 25,1,100,,6871,1,0,24 25,1,100,,6881,1,0,24 25,1
50100,'5',1030,,6890,1,0,24 25,1,100,,6889,1,0,24 25,1,100,,6891,1,0,24 25,1,100,,6888,1,0,24 25,1,100,,6892,1,0,24 25,1,100,,6894,1,0,24 25,1,100,,6893,1,0,24 25,1,100,,6887,1,0,24 25,1
50101,'2',625,,5161,10,4,,1,30,,6898,10,4,,1,70,,6906,10,4,,1,30,,6909,10,4,,1,70,,5432,10,4,,1,30,,6900,10,4,,1,70,,5221,10,4,,1,30,,6896,10,4,,1,70,,6899,10,4,,1,30,,6911,10,4,,1,70,,6910,10,4,,1,30,,6897,10,4,,1,70,,6907,10,4,,1,30,,6905,10,4,,1,70,,6919,10,4,,1,30,,6901,10,4,,1,70,,6912,10,4,,1,30,,6917,10,4,,1,70,,6916,10,4,,1,30,,6915,10,4,,1,70,,5656,10,4,,1,30,,6908,10,4,,1,70,,6913,10,4,,1,30,,6902,10,4,,1,100,,6914,10,4,,1,100,,6895,10,4,,1,100,,6904,10,4,,1,100,,6918,10,4,,1,100,,6903,10,4,,1
50101,'4',655,,6931,10,4,,1,100,,6927,10,4,,1,100,,5190,10,4,,1,100,,6923,10,4,,1,100,,6922,10,4,,1,100,,6933,10,4,,1,100,,6926,10,4,,1,100,,6925,10,4,,1,100,,6921,10,4,,1,100,,6924,10,4,,1,100,,6932,10,4,,1,100,,6920,10,4,,1,100,,6928,10,4,,1,100,,6930,10,4,,1,100,,5089,10,4,,1,100,,6929,10,4,,1
50101,'5',1055,,6940,10,4,,1,100,,6938,10,4,,1,100,,6939,10,4,,1,100,,6934,10,4,,1,100,,6935,10,4,,1,100,,6936,10,4,,1,100,,6941,10,4,,1,100,,6937,10,4,,1
50200,'2',600,,6948,1,0,26 27 17,1,30,,6960,1,0,26 27 17,1,70,,6959,1,0,26 27 17,1,30,,6964,1,0,26 27 17,1,70,,6946,1,0,26 27 17,1,30,,6945,1,0,26 27 17,1,70,,6944,1,0,26 27 17,1,30,,6954,1,0,26 27 17,1,70,,6961,1,0,26 27 17,1,30,,6447,1,0,26 27 17,1,70,,6942,1,0,26 27 17,1,30,,4973,1,0,26 27 17,1,70,,6952,1,0,26 27 17,1,30,,6947,1,0,26 27 17,1,70,,6949,1,0,26 27 17,1,30,,6958,1,0,26 27 17,1,70,,6966,1,0,26 27 17,1,30,,6953,1,0,26 27 17,1,70,,6967,1,0,26 27 17,1,30,,6965,1,0,26 27 17,1,70,,6962,1,0,26 27 17,1,30,,6943,1,0,26 27 17,1,70,,6957,1,0,26 27 17,1,30,,6955,1,0,26 27 17,1,100,,6951,1,0,26 27 17,1,100,,5551,1,0,26 27 17,1,100,,6950,1,0,26 27 17,1,100,,6956,1,0,26 27 17,1,100,,6963,1,0,26 27 17,1
50200,'4',630,,6971,1,0,26 27 17,1,100,,6983,1,0,26 27 17,1,100,,6976,1,0,26 27 17,1,100,,6972,1,0,26 27 17,1,100,,6980,1,0,26 27 17,1,100,,6982,1,0,26 27 17,1,100,,6973,1,0,26 27 17,1,100,,6969,1,0,26 27 17,1,100,,6981,1,0,26 27 17,1,100,,6977,1,0,26 27 17,1,100,,6978,1,0,26 27 17,1,100,,6974,1,0,26 27 17,1,100,,6970,1,0,26 27 17,1,100,,6975,1,0,26 27 17,1,100,,6979,1,0,26 27 17,1,100,,6968,1,0,26 27 17,1
50200,'5',1030,,6988,1,0,26 27 17,1,100,,6987,1,0,26 27 17,1,100,,6986,1,0,26 27 17,1,100,,6989,1,0,26 27 17,1,100,,6984,1,0,26 27 17,1,100,,6985,1,0,26 27 17,1,100,,6991,1,0,26 27 17,1,100,,6990,1,0,26 27 17,1
50201,'2',625,,6998,14,4,,1,30,,7013,14,4,,1,70,,7017,14,4,,1,30,,6995,14,4,,1,70,,7011,14,4,,1,30,,7020,14,4,,1,70,,7010,14,4,,1,30,,6994,14,4,,1,70,,7009,14,4,,1,30,,7015,14,4,,1,70,,6997,14,4,,1,30,,7012,14,4,,1,70,,7000,14,4,,1,30,,7004,14,4,,1,70,,7008,14,4,,1,30,,7016,14,4,,1,70,,7019,14,4,,1,30,,7018,14,4,,1,70,,6999,14,4,,1,30,,7001,14,4,,1,70,,7006,14,4,,1,30,,6996,14,4,,1,70,,7003,14,4,,1,30,,7005,14,4,,1,99,,7002,14,4,,1,100,,6992,14,4,,1,100,,7014,14,4,,1,100,,6993,14,4,,1,100,,7007,14,4,,1
50201,'4',655,,6071,14,4,,1,100,,5918,14,4,,1,100,,6038,14,4,,1,100,,7021,14,4,,1,100,,7032,14,4,,1,100,,7024,14,4,,1,100,,7025,14,4,,1,100,,7023,14,4,,1,100,,7027,14,4,,1,100,,7031,14,4,,1,100,,4094,14,4,,1,100,,7026,14,4,,1,100,,7030,14,4,,1,100,,7029,14,4,,1,100,,7022,14,4,,1,100,,7028,14,4,,1
50201,'5',1055,,7037,14,4,,1,100,,7040,14,4,,1,100,,7034,14,4,,1,100,,7033,14,4,,1,100,,7035,14,4,,1,100,,7036,14,4,,1,100,,7038,14,4,,1,100,,7039,14,4,,1
50300,'2',600,,7061,1,0,21 22 23,1,30,,7067,1,0,21 22 23,1,70,,7050,1,0,21 22 23,1,30,,7063,1,0,21 22 23,1,70,,7049,1,0,21 22 23,1,30,,7060,1,0,21 22 23,1,70,,7048,1,0,21 22 23,1,30,,7057,1,0,21 22 23,1,70,,7042,1,0,21 22 23,1,30,,7062,1,0,21 22 23,1,70,,7064,1,0,21 22 23,1,30,,7041,1,0,21 22 23,1,70,,7047,1,0,21 22 23,1,30,,7051,1,0,21 22 23,1,70,,7044,1,0,21 22 23,1,30,,6460,1,0,21 22 23,1,70,,7065,1,0,21 22 23,1,30,,7055,1,0,21 22 23,1,70,,7066,1,0,21 22 23,1,30,,7052,1,0,21 22 23,1,70,,7053,1,0,21 22 23,1,30,,7046,1,0,21 22 23,1,70,,7058,1,0,21 22 23,1,30,,7068,1,0,21 22 23,1,70,,7054,1,0,21 22 23,1,100,,7056,1,0,21 22 23,1,100,,7059,1,0,21 22 23,1,100,,7043,1,0,21 22 23,1,100,,7045,1,0,21 22 23,1
50300,'4',600,,7081,1,0,21 22 23,1,100,,7084,1,0,21 22 23,1,100,,7079,1,0,21 22 23,1,100,,7078,1,0,21 22 23,1,100,,7069,1,0,21 22 23,1,100,,7071,1,0,21 22 23,1,100,,7082,1,0,21 22 23,1,100,,7072,1,0,21 22 23,1,100,,7074,1,0,21 22 23,1,100,,7075,1,0,21 22 23,1,100,,7080,1,0,21 22 23,1,100,,7083,1,0,21 22 23,1,100,,7077,1,0,21 22 23,1,100,,7073,1,0,21 22 23,1,100,,7070,1,0,21 22 23,1,100,,7076,1,0,21 22 23,1
50300,'5',1000,,7091,1,0,21 22 23,1,100,,7085,1,0,21 22 23,1,100,,7089,1,0,21 22 23,1,100,,7087,1,0,21 22 23,1,100,,7090,1,0,21 22 23,1,100,,5881,1,0,21 22 23,1,100,,7088,1,0,21 22 23,1,100,,7086,1,0,21 22 23,1
50301,'2',625,,7096,14,4,,1,30,,7107,14,4,,1,70,,7092,14,4,,1,30,,7118,14,4,,1,70,,7115,14,4,,1,30,,7105,14,4,,1,70,,7097,14,4,,1,30,,7093,14,4,,1,70,,5319,14,4,,1,30,,7112,14,4,,1,70,,7113,14,4,,1,30,,7117,14,4,,1,70,,7111,14,4,,1,30,,7103,14,4,,1,70,,7098,14,4,,1,30,,7095,14,4,,1,70,,7102,14,4,,1,30,,7099,14,4,,1,70,,7108,14,4,,1,30,,7110,14,4,,1,70,,7109,14,4,,1,30,,7114,14,4,,1,70,,7116,14,4,,1,30,,7106,14,4,,1,70,,7094,14,4,,1,100,,7104,14,4,,1,100,,7101,14,4,,1,100,,7100,14,4,,1,100,,3076,14,4,,1
50301,'4',625,,7129,14,4,,1,100,,7125,14,4,,1,100,,7131,14,4,,1,100,,7121,14,4,,1,100,,7127,14,4,,1,100,,7128,14,4,,1,100,,7119,14,4,,1,100,,7130,14,4,,1,100,,7132,14,4,,1,100,,7122,14,4,,1,100,,7124,14,4,,1,100,,7126,14,4,,1,100,,7133,14,4,,1,100,,7120,14,4,,1,100,,5130,14,4,,1,100,,7123,14,4,,1
50301,'5',1025,,7139,14,4,,1,100,,7136,14,4,,1,100,,7138,14,4,,1,100,,6250,14,4,,1,100,,7135,14,4,,1,100,,7134,14,4,,1,100,,7140,14,4,,1,100,,7137,14,4,,1
50400,'2',600,,7155,1,0,28 29 20,1,30,,7163,1,0,28 29 20,1,70,,7166,1,0,28 29 20,1,30,,7164,1,0,28 29 20,1,70,,7141,1,0,28 29 20,1,30,,7154,1,0,28 29 20,1,70,,7159,1,0,28 29 20,1,30,,7151,1,0,28 29 20,1,70,,7143,1,0,28 29 20,1,30,,7146,1,0,28 29 20,1,70,,7150,1,0,28 29 20,1,30,,5482,1,0,28 29 20,1,70,,7165,1,0,28 29 20,1,30,,7160,1,0,28 29 20,1,70,,7147,1,0,28 29 20,1,30,,4960,1,0,28 29 20,1,70,,7161,1,0,28 29 20,1,30,,7153,1,0,28 29 20,1,70,,6119,1,0,28 29 20,1,30,,7157,1,0,28 29 20,1,70,,7145,1,0,28 29 20,1,30,,7142,1,0,28 29 20,1,70,,7162,1,0,28 29 20,1,30,,7158,1,0,28 29 20,1,70,,7149,1,0,28 29 20,1,100,,7148,1,0,28 29 20,1,100,,7152,1,0,28 29 20,1,100,,7144,1,0,28 29 20,1,100,,7156,1,0,28 29 20,1
50400,'4',600,,5748,1,0,28 29 20,1,100,,7171,1,0,28 29 20,1,100,,7173,1,0,28 29 20,1,100,,7174,1,0,28 29 20,1,100,,7170,1,0,28 29 20,1,100,,7167,1,0,28 29 20,1,100,,7176,1,0,28 29 20,1,100,,7181,1,0,28 29 20,1,100,,7177,1,0,28 29 20,1,100,,7178,1,0,28 29 20,1,100,,7169,1,0,28 29 20,1,100,,7180,1,0,28 29 20,1,100,,7172,1,0,28 29 20,1,100,,7168,1,0,28 29 20,1,100,,7175,1,0,28 29 20,1,100,,7179,1,0,28 29 20,1
50400,'5',1000,,7185,1,0,28 29 20,1,100,,7183,1,0,28 29 20,1,100,,7186,1,0,28 29 20,1,100,,7188,1,0,28 29 20,1,100,,7187,1,0,28 29 20,1,100,,7189,1,0,28 29 20,1,100,,7184,1,0,28 29 20,1,100,,7182,1,0,28 29 20,1
50401,'2',626,,7191,21,4,,1,30,,7197,21,4,,1,70,,7213,21,4,,1,30,,7212,21,4,,1,70,,7196,21,4,,1,30,,7214,21,4,,1,70,,7204,21,4,,1,30,,7210,21,4,,1,70,,7195,21,4,,1,30,,7203,21,4,,1,70,,5832,21,4,,1,30,,7215,21,4,,1,70,,7198,21,4,,1,30,,7199,21,4,,1,70,,7211,21,4,,1,30,,7193,21,4,,1,70,,7208,21,4,,1,30,,7209,21,4,,1,70,,7205,21,4,,1,30,,5651,21,4,,1,70,,7201,21,4,,1,30,,7206,21,4,,1,70,,7200,21,4,,1,30,,7202,21,4,,1,70,,7192,21,4,,1,100,,7216,21,4,,1,100,,7194,21,4,,1,100,,7190,21,4,,1,100,,7207,21,4,,1
50401,'4',626,,7228,21,4,,1,100,,7229,21,4,,1,100,,7219,21,4,,1,100,,7220,21,4,,1,100,,7224,21,4,,1,100,,6328,21,4,,1,100,,7231,21,4,,1,100,,7223,21,4,,1,100,,7217,21,4,,1,100,,7230,21,4,,1,100,,7226,21,4,,1,100,,7218,21,4,,1,100,,7221,21,4,,1,100,,7225,21,4,,1,100,,7222,21,4,,1,100,,7227,21,4,,1
50401,'5',1026,,7238,21,4,,1,100,,7237,21,4,,1,100,,7234,21,4,,1,100,,7239,21,4,,1,100,,7232,21,4,,1,100,,7236,21,4,,1,100,,7233,21,4,,1,100,,7235,21,4,,1
50500,'2',600,,7255,1,0,30 31 2 32,1,30,,7265,1,0,30 31 2 32,1,70,,7241,1,0,30 31 2 32,1,30,,7245,1,0,30 31 2 32,1,70,,7267,1,0,30 31 2 32,1,30,,7243,1,0,30 31 2 32,1,70,,7258,1,0,30 31 2 32,1,30,,7254,1,0,30 31 2 32,1,70,,7246,1,0,30 31 2 32,1,30,,7251,1,0,30 31 2 32,1,70,,7250,1,0,30 31 2 32,1,30,,7248,1,0,30 31 2 32,1,70,,7266,1,0,30 31 2 32,1,30,,7263,1,0,30 31 2 32,1,70,,7256,1,0,30 31 2 32,1,30,,7244,1,0,30 31 2 32,1,70,,7260,1,0,30 31 2 32,1,30,,7247,1,0,30 31 2 32,1,70,,7249,1,0,30 31 2 32,1,30,,7253,1,0,30 31 2 32,1,70,,7257,1,0,30 31 2 32,1,30,,5483,1,0,30 31 2 32,1,70,,7242,1,0,30 31 2 32,1,30,,7259,1,0,30 31 2 32,1,100,,7261,1,0,30 31 2 32,1,100,,7264,1,0,30 31 2 32,1,100,,7252,1,0,30 31 2 32,1,100,,7240,1,0,30 31 2 32,1,100,,7262,1,0,30 31 2 32,1
50500,'4',630,,7275,1,0,30 31 2 32,1,100,,7269,1,0,30 31 2 32,1,100,,7273,1,0,30 31 2 32,1,100,,7287,1,0,30 31 2 32,1,70,,7286,1,0,30 31 2 32,1,30,,7289,1,0,30 31 2 32,1,70,,7283,1,0,30 31 2 32,1,30,,7276,1,0,30 31 2 32,1,70,,7271,1,0,30 31 2 32,1,30,,7274,1,0,30 31 2 32,1,70,,7282,1,0,30 31 2 32,1,30,,7279,1,0,30 31 2 32,1,70,,7272,1,0,30 31 2 32,1,30,,7281,1,0,30 31 2 32,1,70,,7270,1,0,30 31 2 32,1,30,,7280,1,0,30 31 2 32,1,70,,7290,1,0,30 31 2 32,1,30,,6059,1,0,30 31 2 32,1,70,,7285,1,0,30 31 2 32,1,30,,7278,1,0,30 31 2 32,1,100,,7268,1,0,30 31 2 32,1,100,,7277,1,0,30 31 2 32,1,100,,7288,1,0,30 31 2 32,1,100,,7284,1,0,30 31 2 32,1
50500,'5',1030,,7297,1,0,30 31 2 32,1,100,,7291,1,0,30 31 2 32,1,100,,7296,1,0,30 31 2 32,1,100,,7295,1,0,30 31 2 32,1,100,,7292,1,0,30 31 2 32,1,100,,7293,1,0,30 31 2 32,1,100,,7294,1,0,30 31 2 32,1,100,,5050,1,0,30 31 2 32,1
50501,'2',624,,7300,22,4,,1,30,,7301,22,4,,1,70,,7298,22,4,,1,30,,7310,22,4,,1,70,,6418,22,4,,1,30,,5323,22,4,,1,70,,7317,22,4,,1,30,,7299,22,4,,1,70,,7321,22,4,,1,30,,7313,22,4,,1,70,,7306,22,4,,1,30,,7305,22,4,,1,70,,7309,22,4,,1,30,,7322,22,4,,1,70,,7307,22,4,,1,30,,7315,22,4,,1,70,,4919,22,4,,1,30,,7308,22,4,,1,70,,7314,22,4,,1,30,,7302,22,4,,1,70,,7303,22,4,,1,30,,7312,22,4,,1,70,,7320,22,4,,1,30,,7311,22,4,,1,100,,7318,22,4,,1,100,,5433,22,4,,1,100,,7316,22,4,,1,100,,7304,22,4,,1,100,,7319,22,4,,1
50501,'4',654,,7334,22,4,,1,100,,7333,22,4,,1,100,,7331,22,4,,1,100,,7345,22,4,,1,70,,7344,22,4,,1,30,,7343,22,4,,1,70,,7328,22,4,,1,30,,7332,22,4,,1,70,,7340,22,4,,1,30,,7346,22,4,,1,70,,7339,22,4,,1,30,,7327,22,4,,1,70,,7335,22,4,,1,30,,7341,22,4,,1,70,,7326,22,4,,1,30,,7330,22,4,,1,70,,7337,22,4,,1,30,,7325,22,4,,1,70,,7324,22,4,,1,30,,7338,22,4,,1,100,,7342,22,4,,1,100,,7336,22,4,,1,100,,7323,22,4,,1,100,,7329,22,4,,1
50501,'5',1054,,7350,22,4,,1,100,,7352,22,4,,1,100,,7353,22,4,,1,100,,7349,22,4,,1,100,,7351,22,4,,1,100,,7348,22,4,,1,100,,7347,22,4,,1,100,,7354,22,4,,1
50600,'2',600,,7371,1,0,33 34 17,1,30,,7375,1,0,33 34 17,1,70,,7360,1,0,33 34 17,1,30,,7378,1,0,33 34 17,1,70,,7372,1,0,33 34 17,1,30,,7381,1,0,33 34 17,1,70,,7376,1,0,33 34 17,1,30,,7362,1,0,33 34 17,1,70,,7369,1,0,33 34 17,1,30,,7364,1,0,33 34 17,1,70,,7377,1,0,33 34 17,1,30,,7356,1,0,33 34 17,1,70,,7361,1,0,33 34 17,1,30,,7368,1,0,33 34 17,1,70,,7359,1,0,33 34 17,1,30,,7380,1,0,33 34 17,1,70,,7373,1,0,33 34 17,1,30,,7379,1,0,33 34 17,1,70,,7370,1,0,33 34 17,1,30,,7363,1,0,33 34 17,1,70,,5062,1,0,33 34 17,1,30,,7367,1,0,33 34 17,1,70,,7366,1,0,33 34 17,1,30,,7357,1,0,33 34 17,1,70,,7382,1,0,33 34 17,1,100,,7374,1,0,33 34 17,1,100,,7365,1,0,33 34 17,1,100,,7355,1,0,33 34 17,1,100,,7358,1,0,33 34 17,1
50600,'4',600,,7392,1,0,33 34 17,1,100,,7390,1,0,33 34 17,1,100,,7403,1,0,33 34 17,1,100,,7385,1,0,33 34 17,1,30,,7383,1,0,33 34 17,1,70,,7397,1,0,33 34 17,1,30,,7401,1,0,33 34 17,1,70,,7396,1,0,33 34 17,1,30,,7393,1,0,33 34 17,1,70,,7399,1,0,33 34 17,1,30,,7405,1,0,33 34 17,1,70,,6663,1,0,33 34 17,1,30,,7384,1,0,33 34 17,1,70,,7386,1,0,33 34 17,1,30,,7388,1,0,33 34 17,1,70,,7395,1,0,33 34 17,1,30,,7398,1,0,33 34 17,1,70,,7406,1,0,33 34 17,1,30,,7394,1,0,33 34 17,1,70,,7400,1,0,33 34 17,1,30,,7404,1,0,33 34 17,1,70,,7402,1,0,33 34 17,1,100,,7387,1,0,33 34 17,1,100,,7389,1,0,33 34 17,1,100,,7391,1,0,33 34 17,1
50600,'5',1000,,7414,1,0,33 34 17,1,100,,7411,1,0,33 34 17,1,100,,7410,1,0,33 34 17,1,100,,7409,1,0,33 34 17,1,100,,7413,1,0,33 34 17,1,100,,7408,1,0,33 34 17,1,100,,7407,1,0,33 34 17,1,100,,7412,1,0,33 34 17,1
50601,'2',625,,7434,20,4,,1,30,,7431,20,4,,1,70,,7428,20,4,,1,30,,7429,20,4,,1,70,,7441,20,4,,1,30,,7430,20,4,,1,70,,7420,20,4,,1,30,,7439,20,4,,1,70,,7421,20,4,,1,30,,7418,20,4,,1,70,,7417,20,4,,1,30,,7416,20,4,,1,70,,7438,20,4,,1,30,,7423,20,4,,1,70,,7419,20,4,,1,30,,7436,20,4,,1,70,,7424,20,4,,1,30,,7427,20,4,,1,70,,7422,20,4,,1,30,,6146,20,4,,1,70,,7432,20,4,,1,30,,7425,20,4,,1,70,,7433,20,4,,1,30,,7435,20,4,,1,70,,7437,20,4,,1,100,,7440,20,4,,1,100,,7426,20,4,,1,100,,5267,20,4,,1,100,,7415,20,4,,1
50601,'4',625,,7460,20,4,,1,100,,7452,20,4,,1,100,,7456,20,4,,1,100,,7449,20,4,,1,29,,7447,20,4,,1,71,,7459,20,4,,1,29,,7461,20,4,,1,71,,7448,20,4,,1,29,,7457,20,4,,1,71,,7453,20,4,,1,29,,7464,20,4,,1,71,,7458,20,4,,1,29,,7463,20,4,,1,71,,7455,20,4,,1,29,,7451,20,4,,1,71,,7465,20,4,,1,29,,7450,20,4,,1,71,,7443,20,4,,1,29,,7444,20,4,,1,71,,7462,20,4,,1,29,,7442,20,4,,1,71,,7454,20,4,,1,100,,7445,20,4,,1,100,,3745,20,4,,1,100,,7446,20,4,,1
50601,'5',1025,,7470,20,4,,1,100,,7466,20,4,,1,100,,7471,20,4,,1,100,,7472,20,4,,1,100,,7467,20,4,,1,100,,7469,20,4,,1,100,,7468,20,4,,1,100,,7473,20,4,,1
50800,'2',600,,7491,1,0,15 16 17,1,30,,7477,1,0,15 16 17,1,70,,7489,1,0,15 16 17,1,30,,7497,1,0,15 16 17,1,70,,7479,1,0,15 16 17,1,30,,7484,1,0,15 16 17,1,70,,7498,1,0,15 16 17,1,30,,5956,1,0,15 16 17,1,70,,7480,1,0,15 16 17,1,30,,7478,1,0,15 16 17,1,70,,7490,1,0,15 16 17,1,30,,7475,1,0,15 16 17,1,70,,7486,1,0,15 16 17,1,30,,6836,1,0,15 16 17,1,70,,7488,1,0,15 16 17,1,30,,5378,1,0,15 16 17,1,70,,7494,1,0,15 16 17,1,30,,7482,1,0,15 16 17,1,70,,7476,1,0,15 16 17,1,30,,7496,1,0,15 16 17,1,70,,7492,1,0,15 16 17,1,30,,7485,1,0,15 16 17,1,70,,6474,1,0,15 16 17,1,30,,7474,1,0,15 16 17,1,100,,7493,1,0,15 16 17,1,100,,7483,1,0,15 16 17,1,100,,7481,1,0,15 16 17,1,100,,7487,1,0,15 16 17,1,100,,7495,1,0,15 16 17,1
50800,'4',630,,7499,1,0,15 16 17,1,100,,6360,1,0,15 16 17,1,100,,7511,1,0,15 16 17,1,100,,7508,1,0,15 16 17,1,70,,7510,1,0,15 16 17,1,30,,7501,1,0,15 16 17,1,70,,7502,1,0,15 16 17,1,30,,7504,1,0,15 16 17,1,70,,7500,1,0,15 16 17,1,30,,6049,1,0,15 16 17,1,70,,7514,1,0,15 16 17,1,30,,7505,1,0,15 16 17,1,70,,5791,1,0,15 16 17,1,30,,7503,1,0,15 16 17,1,70,,7507,1,0,15 16 17,1,30,,4943,1,0,15 16 17,1,70,,5508,1,0,15 16 17,1,30,,7517,1,0,15 16 17,1,70,,7516,1,0,15 16 17,1,30,,7513,1,0,15 16 17,1,100,,7506,1,0,15 16 17,1,100,,7515,1,0,15 16 17,1,100,,7509,1,0,15 16 17,1,100,,7512,1,0,15 16 17,1
50800,'5',1030,,7521,1,0,15 16 17,1,100,,7518,1,0,15 16 17,1,100,,7523,1,0,15 16 17,1,100,,7522,1,0,15 16 17,1,100,,5867,1,0,15 16 17,1,100,,7524,1,0,15 16 17,1,100,,7520,1,0,15 16 17,1,100,,7519,1,0,15 16 17,1
50801,'2',623,,7544,8,4,,1,30,,7538,8,4,,1,70,,7535,8,4,,1,30,,7547,8,4,,1,70,,7551,8,4,,1,30,,7545,8,4,,1,70,,7527,8,4,,1,30,,7552,8,4,,1,70,,7543,8,4,,1,30,,7526,8,4,,1,70,,7548,8,4,,1,30,,7541,8,4,,1,70,,7546,8,4,,1,30,,7534,8,4,,1,70,,7530,8,4,,1,30,,7549,8,4,,1,70,,7532,8,4,,1,30,,7550,8,4,,1,70,,7525,8,4,,1,30,,7542,8,4,,1,70,,7553,8,4,,1,30,,7539,8,4,,1,70,,7540,8,4,,1,30,,7529,8,4,,1,100,,7531,8,4,,1,100,,7536,8,4,,1,100,,7533,8,4,,1,100,,7528,8,4,,1,100,,7537,8,4,,1
50801,'4',653,,7555,8,4,,1,100,,7563,8,4,,1,100,,7558,8,4,,1,100,,7572,8,4,,1,70,,7561,8,4,,1,30,,7560,8,4,,1,70,,7557,8,4,,1,30,,7575,8,4,,1,70,,7562,8,4,,1,30,,7567,8,4,,1,70,,7554,8,4,,1,30,,7568,8,4,,1,70,,7559,8,4,,1,30,,7577,8,4,,1,70,,7564,8,4,,1,30,,7556,8,4,,1,70,,7566,8,4,,1,30,,7574,8,4,,1,70,,7569,8,4,,1,30,,7573,8,4,,1,100,,7570,8,4,,1,100,,7565,8,4,,1,100,,7571,8,4,,1,100,,7576,8,4,,1
50801,'5',1053,,6697,8,4,,1,100,,7583,8,4,,1,100,,7578,8,4,,1,100,,7581,8,4,,1,100,,7579,8,4,,1,100,,7582,8,4,,1,100,,7580,8,4,,1,100,,7584,8,4,,1
50900,'2',600,,7585,1,0,18 19 20,1,30,,7595,1,0,18 19 20,1,70,,7592,1,0,18 19 20,1,30,,6432,1,0,18 19 20,1,70,,7603,1,0,18 19 20,1,30,,7605,1,0,18 19 20,1,70,,7608,1,0,18 19 20,1,30,,7587,1,0,18 19 20,1,70,,7607,1,0,18 19 20,1,30,,7601,1,0,18 19 20,1,70,,7597,1,0,18 19 20,1,30,,7593,1,0,18 19 20,1,70,,7599,1,0,18 19 20,1,30,,7594,1,0,18 19 20,1,70,,5309,1,0,18 19 20,1,30,,7602,1,0,18 19 20,1,70,,5421,1,0,18 19 20,1,30,,7589,1,0,18 19 20,1,70,,7606,1,0,18 19 20,1,30,,7600,1,0,18 19 20,1,70,,7590,1,0,18 19 20,1,30,,7598,1,0,18 19 20,1,70,,7588,1,0,18 19 20,1,30,,7591,1,0,18 19 20,1,70,,7609,1,0,18 19 20,1,100,,7586,1,0,18 19 20,1,100,,7596,1,0,18 19 20,1,100,,7610,1,0,18 19 20,1,100,,7604,1,0,18 19 20,1
50900,'4',600,,7616,1,0,18 19 20,1,100,,7622,1,0,18 19 20,1,100,,7623,1,0,18 19 20,1,100,,7620,1,0,18 19 20,1,30,,7631,1,0,18 19 20,1,70,,7627,1,0,18 19 20,1,30,,7630,1,0,18 19 20,1,70,,7613,1,0,18 19 20,1,30,,7632,1,0,18 19 20,1,70,,7625,1,0,18 19 20,1,30,,7628,1,0,18 19 20,1,70,,7612,1,0,18 19 20,1,30,,7619,1,0,18 19 20,1,70,,7624,1,0,18 19 20,1,30,,7633,1,0,18 19 20,1,70,,7621,1,0,18 19 20,1,30,,5391,1,0,18 19 20,1,70,,7626,1,0,18 19 20,1,30,,7614,1,0,18 19 20,1,70,,7611,1,0,18 19 20,1,30,,7615,1,0,18 19 20,1,70,,7634,1,0,18 19 20,1,100,,7617,1,0,18 19 20,1,100,,7618,1,0,18 19 20,1,100,,7629,1,0,18 19 20,1
50900,'5',1000,,7635,1,0,18 19 20,1,100,,7642,1,0,18 19 20,1,100,,7641,1,0,18 19 20,1,100,,7636,1,0,18 19 20,1,100,,7640,1,0,18 19 20,1,100,,7639,1,0,18 19 20,1,100,,7637,1,0,18 19 20,1,100,,7638,1,0,18 19 20,1
50901,'2',626,,7654,21,4,,1,30,,7650,21,4,,1,71,,7646,21,4,,1,30,,7656,21,4,,1,70,,7644,21,4,,1,30,,3312,21,4,,1,70,,5594,21,4,,1,30,,7657,21,4,,1,69,,7648,21,4,,1,30,,7664,21,4,,1,70,,7659,21,4,,1,30,,3378,21,4,,1,70,,7651,21,4,,1,30,,7647,21,4,,1,70,,7653,21,4,,1,30,,7663,21,4,,1,71,,5120,21,4,,1,30,,7645,21,4,,1,70,,7658,21,4,,1,30,,7660,21,4,,1,70,,7662,21,4,,1,30,,7661,21,4,,1,70,,7655,21,4,,1,30,,6423,21,4,,1,70,,7649,21,4,,1,99,,7665,21,4,,1,100,,7643,21,4,,1,100,,7666,21,4,,1,100,,7652,21,4,,1
50901,'4',626,,7688,21,4,,1,101,,7675,21,4,,1,100,,7681,21,4,,1,100,,7678,21,4,,1,30,,7672,21,4,,1,69,,7686,21,4,,1,30,,7680,21,4,,1,70,,7679,21,4,,1,30,,7676,21,4,,1,70,,4942,21,4,,1,30,,6366,21,4,,1,70,,7677,21,4,,1,30,,6383,21,4,,1,71,,7667,21,4,,1,30,,7683,21,4,,1,70,,7684,21,4,,1,30,,7685,21,4,,1,70,,7687,21,4,,1,30,,7671,21,4,,1,70,,7682,21,4,,1,30,,7673,21,4,,1,70,,7668,21,4,,1,99,,7670,21,4,,1,100,,7669,21,4,,1,100,,7674,21,4,,1
50901,'5',1026,,7692,21,4,,1,100,,5865,21,4,,1,100,,7689,21,4,,1,100,,7694,21,4,,1,101,,7691,21,4,,1,100,,7693,21,4,,1,100,,5469,21,4,,1,100,,7690,21,4,,1
