50101,'2',623,,5161,8,0,24 25,1,30,,6898,8,0,24 25,1,70,,6906,8,0,24 25,1,30,,6909,8,0,24 25,1,70,,5432,8,0,24 25,1,30,,6900,8,0,24 25,1,70,,5221,8,0,24 25,1,30,,6896,8,0,24 25,1,70,,6899,8,0,24 25,1,30,,6911,8,0,24 25,1,70,,6910,8,0,24 25,1,30,,6897,8,0,24 25,1,70,,6907,8,0,24 25,1,30,,6905,8,0,24 25,1,70,,6919,8,0,24 25,1,30,,6901,8,0,24 25,1,70,,6912,8,0,24 25,1,30,,6917,8,0,24 25,1,70,,6916,8,0,24 25,1,30,,6915,8,0,24 25,1,70,,5656,8,0,24 25,1,30,,6908,8,0,24 25,1,70,,6913,8,0,24 25,1,30,,6902,8,0,24 25,1,100,,6914,8,0,24 25,1,100,,6895,8,0,24 25,1,100,,6904,8,0,24 25,1,100,,6918,8,0,24 25,1,100,,6903,8,0,24 25,1
50101,'4',653,,6931,8,0,24 25,1,100,,6927,8,0,24 25,1,100,,5190,8,0,24 25,1,100,,6923,8,0,24 25,1,100,,6922,8,0,24 25,1,100,,6933,8,0,24 25,1,100,,6926,8,0,24 25,1,100,,6925,8,0,24 25,1,100,,6921,8,0,24 25,1,100,,6924,8,0,24 25,1,100,,6932,8,0,24 25,1,100,,6920,8,0,24 25,1,100,,6928,8,0,24 25,1,100,,6930,8,0,24 25,1,100,,5089,8,0,24 25,1,100,,6929,8,0,24 25,1
50101,'5',1053,,6940,8,0,24 25,1,100,,6938,8,0,24 25,1,100,,6939,8,0,24 25,1,100,,6934,8,0,24 25,1,100,,6935,8,0,24 25,1,100,,6936,8,0,24 25,1,100,,6941,8,0,24 25,1,100,,6937,8,0,24 25,1
50201,'2',623,,6998,12,0,26 27 17,1,30,,7013,12,0,26 27 17,1,70,,7017,12,0,26 27 17,1,30,,6995,12,0,26 27 17,1,70,,7011,12,0,26 27 17,1,30,,7020,12,0,26 27 17,1,70,,7010,12,0,26 27 17,1,30,,6994,12,0,26 27 17,1,70,,7009,12,0,26 27 17,1,30,,7015,12,0,26 27 17,1,70,,6997,12,0,26 27 17,1,30,,7012,12,0,26 27 17,1,70,,7000,12,0,26 27 17,1,30,,7004,12,0,26 27 17,1,70,,7008,12,0,26 27 17,1,30,,7016,12,0,26 27 17,1,70,,7019,12,0,26 27 17,1,30,,7018,12,0,26 27 17,1,70,,6999,12,0,26 27 17,1,30,,7001,12,0,26 27 17,1,70,,7006,12,0,26 27 17,1,30,,6996,12,0,26 27 17,1,70,,7003,12,0,26 27 17,1,30,,7005,12,0,26 27 17,1,99,,7002,12,0,26 27 17,1,100,,6992,12,0,26 27 17,1,100,,7014,12,0,26 27 17,1,100,,6993,12,0,26 27 17,1,100,,7007,12,0,26 27 17,1
50201,'4',653,,6071,12,0,26 27 17,1,100,,5918,12,0,26 27 17,1,100,,6038,12,0,26 27 17,1,100,,7021,12,0,26 27 17,1,100,,7032,12,0,26 27 17,1,100,,7024,12,0,26 27 17,1,100,,7025,12,0,26 27 17,1,100,,7023,12,0,26 27 17,1,100,,7027,12,0,26 27 17,1,100,,7031,12,0,26 27 17,1,100,,4094,12,0,26 27 17,1,100,,7026,12,0,26 27 17,1,100,,7030,12,0,26 27 17,1,100,,7029,12,0,26 27 17,1,100,,7022,12,0,26 27 17,1,100,,7028,12,0,26 27 17,1
50201,'5',1053,,7037,12,0,26 27 17,1,100,,7040,12,0,26 27 17,1,100,,7034,12,0,26 27 17,1,100,,7033,12,0,26 27 17,1,100,,7035,12,0,26 27 17,1,100,,7036,12,0,26 27 17,1,100,,7038,12,0,26 27 17,1,100,,7039,12,0,26 27 17,1
50301,'2',623,,7096,12,0,21 22 23,1,30,,7107,12,0,21 22 23,1,70,,7092,12,0,21 22 23,1,30,,7118,12,0,21 22 23,1,70,,7115,12,0,21 22 23,1,30,,7105,12,0,21 22 23,1,70,,7097,12,0,21 22 23,1,30,,7093,12,0,21 22 23,1,70,,5319,12,0,21 22 23,1,30,,7112,12,0,21 22 23,1,70,,7113,12,0,21 22 23,1,30,,7117,12,0,21 22 23,1,70,,7111,12,0,21 22 23,1,30,,7103,12,0,21 22 23,1,70,,7098,12,0,21 22 23,1,30,,7095,12,0,21 22 23,1,70,,7102,12,0,21 22 23,1,30,,7099,12,0,21 22 23,1,70,,7108,12,0,21 22 23,1,30,,7110,12,0,21 22 23,1,70,,7109,12,0,21 22 23,1,30,,7114,12,0,21 22 23,1,70,,7116,12,0,21 22 23,1,30,,7106,12,0,21 22 23,1,70,,7094,12,0,21 22 23,1,100,,7104,12,0,21 22 23,1,100,,7101,12,0,21 22 23,1,100,,7100,12,0,21 22 23,1,100,,3076,12,0,21 22 23,1
50301,'4',623,,7129,12,0,21 22 23,1,100,,7125,12,0,21 22 23,1,100,,7131,12,0,21 22 23,1,100,,7121,12,0,21 22 23,1,100,,7127,12,0,21 22 23,1,100,,7128,12,0,21 22 23,1,100,,7119,12,0,21 22 23,1,100,,7130,12,0,21 22 23,1,100,,7132,12,0,21 22 23,1,100,,7122,12,0,21 22 23,1,100,,7124,12,0,21 22 23,1,100,,7126,12,0,21 22 23,1,100,,7133,12,0,21 22 23,1,100,,7120,12,0,21 22 23,1,100,,5130,12,0,21 22 23,1,100,,7123,12,0,21 22 23,1
50301,'5',1023,,7139,12,0,21 22 23,1,100,,7136,12,0,21 22 23,1,100,,7138,12,0,21 22 23,1,100,,6250,12,0,21 22 23,1,100,,7135,12,0,21 22 23,1,100,,7134,12,0,21 22 23,1,100,,7140,12,0,21 22 23,1,100,,7137,12,0,21 22 23,1
50401,'2',624,,7191,19,0,28 29 20,1,30,,7197,19,0,28 29 20,1,70,,7213,19,0,28 29 20,1,30,,7212,19,0,28 29 20,1,70,,7196,19,0,28 29 20,1,30,,7214,19,0,28 29 20,1,70,,7204,19,0,28 29 20,1,30,,7210,19,0,28 29 20,1,70,,7195,19,0,28 29 20,1,30,,7203,19,0,28 29 20,1,70,,5832,19,0,28 29 20,1,30,,7215,19,0,28 29 20,1,70,,7198,19,0,28 29 20,1,30,,7199,19,0,28 29 20,1,70,,7211,19,0,28 29 20,1,30,,7193,19,0,28 29 20,1,70,,7208,19,0,28 29 20,1,30,,7209,19,0,28 29 20,1,70,,7205,19,0,28 29 20,1,30,,5651,19,0,28 29 20,1,70,,7201,19,0,28 29 20,1,30,,7206,19,0,28 29 20,1,70,,7200,19,0,28 29 20,1,30,,7202,19,0,28 29 20,1,70,,7192,19,0,28 29 20,1,100,,7216,19,0,28 29 20,1,100,,7194,19,0,28 29 20,1,100,,7190,19,0,28 29 20,1,100,,7207,19,0,28 29 20,1
50401,'4',624,,7228,19,0,28 29 20,1,100,,7229,19,0,28 29 20,1,100,,7219,19,0,28 29 20,1,100,,7220,19,0,28 29 20,1,100,,7224,19,0,28 29 20,1,100,,6328,19,0,28 29 20,1,100,,7231,19,0,28 29 20,1,100,,7223,19,0,28 29 20,1,100,,7217,19,0,28 29 20,1,100,,7230,19,0,28 29 20,1,100,,7226,19,0,28 29 20,1,100,,7218,19,0,28 29 20,1,100,,7221,19,0,28 29 20,1,100,,7225,19,0,28 29 20,1,100,,7222,19,0,28 29 20,1,100,,7227,19,0,28 29 20,1
50401,'5',1024,,7238,19,0,28 29 20,1,100,,7237,19,0,28 29 20,1,100,,7234,19,0,28 29 20,1,100,,7239,19,0,28 29 20,1,100,,7232,19,0,28 29 20,1,100,,7236,19,0,28 29 20,1,100,,7233,19,0,28 29 20,1,100,,7235,19,0,28 29 20,1
50901,'2',624,,7654,19,0,18 19 20,1,30,,7650,19,0,18 19 20,1,71,,7646,19,0,18 19 20,1,30,,7656,19,0,18 19 20,1,70,,7644,19,0,18 19 20,1,30,,3312,19,0,18 19 20,1,70,,5594,19,0,18 19 20,1,30,,7657,19,0,18 19 20,1,69,,7648,19,0,18 19 20,1,30,,7664,19,0,18 19 20,1,70,,7659,19,0,18 19 20,1,30,,3378,19,0,18 19 20,1,70,,7651,19,0,18 19 20,1,30,,7647,19,0,18 19 20,1,70,,7653,19,0,18 19 20,1,30,,7663,19,0,18 19 20,1,71,,5120,19,0,18 19 20,1,30,,7645,19,0,18 19 20,1,70,,7658,19,0,18 19 20,1,30,,7660,19,0,18 19 20,1,70,,7662,19,0,18 19 20,1,30,,7661,19,0,18 19 20,1,70,,7655,19,0,18 19 20,1,30,,6423,19,0,18 19 20,1,70,,7649,19,0,18 19 20,1,99,,7665,19,0,18 19 20,1,100,,7643,19,0,18 19 20,1,100,,7666,19,0,18 19 20,1,100,,7652,19,0,18 19 20,1
50901,'4',624,,7688,19,0,18 19 20,1,101,,7675,19,0,18 19 20,1,100,,7681,19,0,18 19 20,1,100,,7678,19,0,18 19 20,1,30,,7672,19,0,18 19 20,1,69,,7686,19,0,18 19 20,1,30,,7680,19,0,18 19 20,1,70,,7679,19,0,18 19 20,1,30,,7676,19,0,18 19 20,1,70,,4942,19,0,18 19 20,1,30,,6366,19,0,18 19 20,1,70,,7677,19,0,18 19 20,1,30,,6383,19,0,18 19 20,1,71,,7667,19,0,18 19 20,1,30,,7683,19,0,18 19 20,1,70,,7684,19,0,18 19 20,1,30,,7685,19,0,18 19 20,1,70,,7687,19,0,18 19 20,1,30,,7671,19,0,18 19 20,1,70,,7682,19,0,18 19 20,1,30,,7673,19,0,18 19 20,1,70,,7668,19,0,18 19 20,1,99,,7670,19,0,18 19 20,1,100,,7669,19,0,18 19 20,1,100,,7674,19,0,18 19 20,1
50901,'5',1024,,7692,19,0,18 19 20,1,100,,5865,19,0,18 19 20,1,100,,7689,19,0,18 19 20,1,100,,7694,19,0,18 19 20,1,101,,7691,19,0,18 19 20,1,100,,7693,19,0,18 19 20,1,100,,5469,19,0,18 19 20,1,100,,7690,19,0,18 19 20,1
