50200,'2',601,,6948,2,0,11 6,1,30,,6960,2,0,11 6,1,70,,6959,2,0,11 6,1,30,,6964,2,0,11 6,1,70,,6946,2,0,11 6,1,30,,6945,2,0,11 6,1,70,,6944,2,0,11 6,1,30,,6954,2,0,11 6,1,70,,6961,2,0,11 6,1,30,,6447,2,0,11 6,1,70,,6942,2,0,11 6,1,30,,4973,2,0,11 6,1,70,,6952,2,0,11 6,1,30,,6947,2,0,11 6,1,70,,6949,2,0,11 6,1,30,,6958,2,0,11 6,1,70,,6966,2,0,11 6,1,30,,6953,2,0,11 6,1,70,,6967,2,0,11 6,1,30,,6965,2,0,11 6,1,70,,6962,2,0,11 6,1,30,,6943,2,0,11 6,1,70,,6957,2,0,11 6,1,30,,6955,2,0,11 6,1,100,,6951,2,0,11 6,1,100,,5551,2,0,11 6,1,100,,6950,2,0,11 6,1,100,,6956,2,0,11 6,1,100,,6963,2,0,11 6,1
50200,'4',631,,6971,2,0,11 6,1,100,,6983,2,0,11 6,1,100,,6976,2,0,11 6,1,100,,6972,2,0,11 6,1,100,,6980,2,0,11 6,1,100,,6982,2,0,11 6,1,100,,6973,2,0,11 6,1,100,,6969,2,0,11 6,1,100,,6981,2,0,11 6,1,100,,6977,2,0,11 6,1,100,,6978,2,0,11 6,1,100,,6974,2,0,11 6,1,100,,6970,2,0,11 6,1,100,,6975,2,0,11 6,1,100,,6979,2,0,11 6,1,100,,6968,2,0,11 6,1
50200,'5',1031,,6988,2,0,11 6,1,100,,6987,2,0,11 6,1,100,,6986,2,0,11 6,1,100,,6989,2,0,11 6,1,100,,6984,2,0,11 6,1,100,,6985,2,0,11 6,1,100,,6991,2,0,11 6,1,100,,6990,2,0,11 6,1
50300,'2',601,,7061,2,0,9 10,1,30,,7067,2,0,9 10,1,70,,7050,2,0,9 10,1,30,,7063,2,0,9 10,1,70,,7049,2,0,9 10,1,30,,7060,2,0,9 10,1,70,,7048,2,0,9 10,1,30,,7057,2,0,9 10,1,70,,7042,2,0,9 10,1,30,,7062,2,0,9 10,1,70,,7064,2,0,9 10,1,30,,7041,2,0,9 10,1,70,,7047,2,0,9 10,1,30,,7051,2,0,9 10,1,70,,7044,2,0,9 10,1,30,,6460,2,0,9 10,1,70,,7065,2,0,9 10,1,30,,7055,2,0,9 10,1,70,,7066,2,0,9 10,1,30,,7052,2,0,9 10,1,70,,7053,2,0,9 10,1,30,,7046,2,0,9 10,1,70,,7058,2,0,9 10,1,30,,7068,2,0,9 10,1,70,,7054,2,0,9 10,1,100,,7056,2,0,9 10,1,100,,7059,2,0,9 10,1,100,,7043,2,0,9 10,1,100,,7045,2,0,9 10,1
50300,'4',601,,7081,2,0,9 10,1,100,,7084,2,0,9 10,1,100,,7079,2,0,9 10,1,100,,7078,2,0,9 10,1,100,,7069,2,0,9 10,1,100,,7071,2,0,9 10,1,100,,7082,2,0,9 10,1,100,,7072,2,0,9 10,1,100,,7074,2,0,9 10,1,100,,7075,2,0,9 10,1,100,,7080,2,0,9 10,1,100,,7083,2,0,9 10,1,100,,7077,2,0,9 10,1,100,,7073,2,0,9 10,1,100,,7070,2,0,9 10,1,100,,7076,2,0,9 10,1
50300,'5',1001,,7091,2,0,9 10,1,100,,7085,2,0,9 10,1,100,,7089,2,0,9 10,1,100,,7087,2,0,9 10,1,100,,7090,2,0,9 10,1,100,,5881,2,0,9 10,1,100,,7088,2,0,9 10,1,100,,7086,2,0,9 10,1
50400,'2',601,,7155,2,0,12 13,1,30,,7163,2,0,12 13,1,70,,7166,2,0,12 13,1,30,,7164,2,0,12 13,1,70,,7141,2,0,12 13,1,30,,7154,2,0,12 13,1,70,,7159,2,0,12 13,1,30,,7151,2,0,12 13,1,70,,7143,2,0,12 13,1,30,,7146,2,0,12 13,1,70,,7150,2,0,12 13,1,30,,5482,2,0,12 13,1,70,,7165,2,0,12 13,1,30,,7160,2,0,12 13,1,70,,7147,2,0,12 13,1,30,,4960,2,0,12 13,1,70,,7161,2,0,12 13,1,30,,7153,2,0,12 13,1,70,,6119,2,0,12 13,1,30,,7157,2,0,12 13,1,70,,7145,2,0,12 13,1,30,,7142,2,0,12 13,1,70,,7162,2,0,12 13,1,30,,7158,2,0,12 13,1,70,,7149,2,0,12 13,1,100,,7148,2,0,12 13,1,100,,7152,2,0,12 13,1,100,,7144,2,0,12 13,1,100,,7156,2,0,12 13,1
50400,'4',601,,5748,2,0,12 13,1,100,,7171,2,0,12 13,1,100,,7173,2,0,12 13,1,100,,7174,2,0,12 13,1,100,,7170,2,0,12 13,1,100,,7167,2,0,12 13,1,100,,7176,2,0,12 13,1,100,,7181,2,0,12 13,1,100,,7177,2,0,12 13,1,100,,7178,2,0,12 13,1,100,,7169,2,0,12 13,1,100,,7180,2,0,12 13,1,100,,7172,2,0,12 13,1,100,,7168,2,0,12 13,1,100,,7175,2,0,12 13,1,100,,7179,2,0,12 13,1
50400,'5',1001,,7185,2,0,12 13,1,100,,7183,2,0,12 13,1,100,,7186,2,0,12 13,1,100,,7188,2,0,12 13,1,100,,7187,2,0,12 13,1,100,,7189,2,0,12 13,1,100,,7184,2,0,12 13,1,100,,7182,2,0,12 13,1
50900,'2',601,,7585,3,,,1,30,,7595,3,,,1,70,,7592,3,,,1,30,,6432,3,,,1,70,,7603,3,,,1,30,,7605,3,,,1,70,,7608,3,,,1,30,,7587,3,,,1,70,,7607,3,,,1,30,,7601,3,,,1,70,,7597,3,,,1,30,,7593,3,,,1,70,,7599,3,,,1,30,,7594,3,,,1,70,,5309,3,,,1,30,,7602,3,,,1,70,,5421,3,,,1,30,,7589,3,,,1,70,,7606,3,,,1,30,,7600,3,,,1,70,,7590,3,,,1,30,,7598,3,,,1,70,,7588,3,,,1,30,,7591,3,,,1,70,,7609,3,,,1,100,,7586,3,,,1,100,,7596,3,,,1,100,,7610,3,,,1,100,,7604,3,,,1
50900,'4',601,,7616,3,,,1,100,,7622,3,,,1,100,,7623,3,,,1,100,,7620,3,,,1,30,,7631,3,,,1,70,,7627,3,,,1,30,,7630,3,,,1,70,,7613,3,,,1,30,,7632,3,,,1,70,,7625,3,,,1,30,,7628,3,,,1,70,,7612,3,,,1,30,,7619,3,,,1,70,,7624,3,,,1,30,,7633,3,,,1,70,,7621,3,,,1,30,,5391,3,,,1,70,,7626,3,,,1,30,,7614,3,,,1,70,,7611,3,,,1,30,,7615,3,,,1,70,,7634,3,,,1,100,,7617,3,,,1,100,,7618,3,,,1,100,,7629,3,,,1
50900,'5',1001,,7635,3,,,1,100,,7642,3,,,1,100,,7641,3,,,1,100,,7636,3,,,1,100,,7640,3,,,1,100,,7639,3,,,1,100,,7637,3,,,1,100,,7638,3,,,1
