50101,'2',624,,5161,9,0,19,1,30,,6898,9,0,19,1,70,,6906,9,0,19,1,30,,6909,9,0,19,1,70,,5432,9,0,19,1,30,,6900,9,0,19,1,70,,5221,9,0,19,1,30,,6896,9,0,19,1,70,,6899,9,0,19,1,30,,6911,9,0,19,1,70,,6910,9,0,19,1,30,,6897,9,0,19,1,70,,6907,9,0,19,1,30,,6905,9,0,19,1,70,,6919,9,0,19,1,30,,6901,9,0,19,1,70,,6912,9,0,19,1,30,,6917,9,0,19,1,70,,6916,9,0,19,1,30,,6915,9,0,19,1,70,,5656,9,0,19,1,30,,6908,9,0,19,1,70,,6913,9,0,19,1,30,,6902,9,0,19,1,100,,6914,9,0,19,1,100,,6895,9,0,19,1,100,,6904,9,0,19,1,100,,6918,9,0,19,1,100,,6903,9,0,19,1
50101,'4',654,,6931,9,0,19,1,100,,6927,9,0,19,1,100,,5190,9,0,19,1,100,,6923,9,0,19,1,100,,6922,9,0,19,1,100,,6933,9,0,19,1,100,,6926,9,0,19,1,100,,6925,9,0,19,1,100,,6921,9,0,19,1,100,,6924,9,0,19,1,100,,6932,9,0,19,1,100,,6920,9,0,19,1,100,,6928,9,0,19,1,100,,6930,9,0,19,1,100,,5089,9,0,19,1,100,,6929,9,0,19,1
50101,'5',1054,,6940,9,0,19,1,100,,6938,9,0,19,1,100,,6939,9,0,19,1,100,,6934,9,0,19,1,100,,6935,9,0,19,1,100,,6936,9,0,19,1,100,,6941,9,0,19,1,100,,6937,9,0,19,1
50201,'2',624,,6998,13,0,11 6,1,30,,7013,13,0,11 6,1,70,,7017,13,0,11 6,1,30,,6995,13,0,11 6,1,70,,7011,13,0,11 6,1,30,,7020,13,0,11 6,1,70,,7010,13,0,11 6,1,30,,6994,13,0,11 6,1,70,,7009,13,0,11 6,1,30,,7015,13,0,11 6,1,70,,6997,13,0,11 6,1,30,,7012,13,0,11 6,1,70,,7000,13,0,11 6,1,30,,7004,13,0,11 6,1,70,,7008,13,0,11 6,1,30,,7016,13,0,11 6,1,70,,7019,13,0,11 6,1,30,,7018,13,0,11 6,1,70,,6999,13,0,11 6,1,30,,7001,13,0,11 6,1,70,,7006,13,0,11 6,1,30,,6996,13,0,11 6,1,70,,7003,13,0,11 6,1,30,,7005,13,0,11 6,1,99,,7002,13,0,11 6,1,100,,6992,13,0,11 6,1,100,,7014,13,0,11 6,1,100,,6993,13,0,11 6,1,100,,7007,13,0,11 6,1
50201,'4',654,,6071,13,0,11 6,1,100,,5918,13,0,11 6,1,100,,6038,13,0,11 6,1,100,,7021,13,0,11 6,1,100,,7032,13,0,11 6,1,100,,7024,13,0,11 6,1,100,,7025,13,0,11 6,1,100,,7023,13,0,11 6,1,100,,7027,13,0,11 6,1,100,,7031,13,0,11 6,1,100,,4094,13,0,11 6,1,100,,7026,13,0,11 6,1,100,,7030,13,0,11 6,1,100,,7029,13,0,11 6,1,100,,7022,13,0,11 6,1,100,,7028,13,0,11 6,1
50201,'5',1054,,7037,13,0,11 6,1,100,,7040,13,0,11 6,1,100,,7034,13,0,11 6,1,100,,7033,13,0,11 6,1,100,,7035,13,0,11 6,1,100,,7036,13,0,11 6,1,100,,7038,13,0,11 6,1,100,,7039,13,0,11 6,1
50301,'2',623,,7096,13,0,9 10,1,30,,7107,13,0,9 10,1,70,,7092,13,0,9 10,1,30,,7118,13,0,9 10,1,70,,7115,13,0,9 10,1,30,,7105,13,0,9 10,1,70,,7097,13,0,9 10,1,30,,7093,13,0,9 10,1,70,,5319,13,0,9 10,1,30,,7112,13,0,9 10,1,70,,7113,13,0,9 10,1,30,,7117,13,0,9 10,1,70,,7111,13,0,9 10,1,30,,7103,13,0,9 10,1,70,,7098,13,0,9 10,1,30,,7095,13,0,9 10,1,70,,7102,13,0,9 10,1,30,,7099,13,0,9 10,1,70,,7108,13,0,9 10,1,30,,7110,13,0,9 10,1,70,,7109,13,0,9 10,1,30,,7114,13,0,9 10,1,70,,7116,13,0,9 10,1,30,,7106,13,0,9 10,1,70,,7094,13,0,9 10,1,100,,7104,13,0,9 10,1,100,,7101,13,0,9 10,1,100,,7100,13,0,9 10,1,100,,3076,13,0,9 10,1
50301,'4',623,,7129,13,0,9 10,1,100,,7125,13,0,9 10,1,100,,7131,13,0,9 10,1,100,,7121,13,0,9 10,1,100,,7127,13,0,9 10,1,100,,7128,13,0,9 10,1,100,,7119,13,0,9 10,1,100,,7130,13,0,9 10,1,100,,7132,13,0,9 10,1,100,,7122,13,0,9 10,1,100,,7124,13,0,9 10,1,100,,7126,13,0,9 10,1,100,,7133,13,0,9 10,1,100,,7120,13,0,9 10,1,100,,5130,13,0,9 10,1,100,,7123,13,0,9 10,1
50301,'5',1023,,7139,13,0,9 10,1,100,,7136,13,0,9 10,1,100,,7138,13,0,9 10,1,100,,6250,13,0,9 10,1,100,,7135,13,0,9 10,1,100,,7134,13,0,9 10,1,100,,7140,13,0,9 10,1,100,,7137,13,0,9 10,1
50401,'2',625,,7191,20,0,12 13,1,30,,7197,20,0,12 13,1,70,,7213,20,0,12 13,1,30,,7212,20,0,12 13,1,70,,7196,20,0,12 13,1,30,,7214,20,0,12 13,1,70,,7204,20,0,12 13,1,30,,7210,20,0,12 13,1,70,,7195,20,0,12 13,1,30,,7203,20,0,12 13,1,70,,5832,20,0,12 13,1,30,,7215,20,0,12 13,1,70,,7198,20,0,12 13,1,30,,7199,20,0,12 13,1,70,,7211,20,0,12 13,1,30,,7193,20,0,12 13,1,70,,7208,20,0,12 13,1,30,,7209,20,0,12 13,1,70,,7205,20,0,12 13,1,30,,5651,20,0,12 13,1,70,,7201,20,0,12 13,1,30,,7206,20,0,12 13,1,70,,7200,20,0,12 13,1,30,,7202,20,0,12 13,1,70,,7192,20,0,12 13,1,100,,7216,20,0,12 13,1,100,,7194,20,0,12 13,1,100,,7190,20,0,12 13,1,100,,7207,20,0,12 13,1
50401,'4',625,,7228,20,0,12 13,1,100,,7229,20,0,12 13,1,100,,7219,20,0,12 13,1,100,,7220,20,0,12 13,1,100,,7224,20,0,12 13,1,100,,6328,20,0,12 13,1,100,,7231,20,0,12 13,1,100,,7223,20,0,12 13,1,100,,7217,20,0,12 13,1,100,,7230,20,0,12 13,1,100,,7226,20,0,12 13,1,100,,7218,20,0,12 13,1,100,,7221,20,0,12 13,1,100,,7225,20,0,12 13,1,100,,7222,20,0,12 13,1,100,,7227,20,0,12 13,1
50401,'5',1025,,7238,20,0,12 13,1,100,,7237,20,0,12 13,1,100,,7234,20,0,12 13,1,100,,7239,20,0,12 13,1,100,,7232,20,0,12 13,1,100,,7236,20,0,12 13,1,100,,7233,20,0,12 13,1,100,,7235,20,0,12 13,1
50901,'2',625,,7654,20,0,7 8,1,30,,7650,20,0,7 8,1,71,,7646,20,0,7 8,1,30,,7656,20,0,7 8,1,70,,7644,20,0,7 8,1,30,,3312,20,0,7 8,1,70,,5594,20,0,7 8,1,30,,7657,20,0,7 8,1,69,,7648,20,0,7 8,1,30,,7664,20,0,7 8,1,70,,7659,20,0,7 8,1,30,,3378,20,0,7 8,1,70,,7651,20,0,7 8,1,30,,7647,20,0,7 8,1,70,,7653,20,0,7 8,1,30,,7663,20,0,7 8,1,71,,5120,20,0,7 8,1,30,,7645,20,0,7 8,1,70,,7658,20,0,7 8,1,30,,7660,20,0,7 8,1,70,,7662,20,0,7 8,1,30,,7661,20,0,7 8,1,70,,7655,20,0,7 8,1,30,,6423,20,0,7 8,1,70,,7649,20,0,7 8,1,99,,7665,20,0,7 8,1,100,,7643,20,0,7 8,1,100,,7666,20,0,7 8,1,100,,7652,20,0,7 8,1
50901,'4',625,,7688,20,0,7 8,1,101,,7675,20,0,7 8,1,100,,7681,20,0,7 8,1,100,,7678,20,0,7 8,1,30,,7672,20,0,7 8,1,69,,7686,20,0,7 8,1,30,,7680,20,0,7 8,1,70,,7679,20,0,7 8,1,30,,7676,20,0,7 8,1,70,,4942,20,0,7 8,1,30,,6366,20,0,7 8,1,70,,7677,20,0,7 8,1,30,,6383,20,0,7 8,1,71,,7667,20,0,7 8,1,30,,7683,20,0,7 8,1,70,,7684,20,0,7 8,1,30,,7685,20,0,7 8,1,70,,7687,20,0,7 8,1,30,,7671,20,0,7 8,1,70,,7682,20,0,7 8,1,30,,7673,20,0,7 8,1,70,,7668,20,0,7 8,1,99,,7670,20,0,7 8,1,100,,7669,20,0,7 8,1,100,,7674,20,0,7 8,1
50901,'5',1025,,7692,20,0,7 8,1,100,,5865,20,0,7 8,1,100,,7689,20,0,7 8,1,100,,7694,20,0,7 8,1,101,,7691,20,0,7 8,1,100,,7693,20,0,7 8,1,100,,5469,20,0,7 8,1,100,,7690,20,0,7 8,1
