60200,'11',900,,3279,0,5 6 2 7 8 2 9 10,1,100,,3276,0,5 6 2 7 8 2 9 10,1,100,,3284,0,5 6 2 7 8 2 9 10,1,100,,3280,0,5 6 2 7 8 2 9 10,1,100,,3283,0,5 6 2 7 8 2 9 10,1,100,,3278,0,5 6 2 7 8 2 9 10,1,100,,3282,0,5 6 2 7 8 2 9 10,1,100,,3286,0,5 6 2 7 8 2 9 10,1,100,,3285,0,5 6 2 7 8 2 9 10,1,100,,3281,0,5 6 2 7 8 2 9 10,1,100,,3277,0,5 6 2 7 8 2 9 10,1,100,,3287,0,5 6 2 7 8 2 9 10,1
60200,'14',900,,3308,0,5 6 2 7 8 2 9 10,1,30,,2084,0,5 6 2 7 8 2 9 10,1,70,,3290,0,5 6 2 7 8 2 9 10,1,30,,3306,0,5 6 2 7 8 2 9 10,1,70,,3293,0,5 6 2 7 8 2 9 10,1,30,,3288,0,5 6 2 7 8 2 9 10,1,70,,3292,0,5 6 2 7 8 2 9 10,1,30,,3307,0,5 6 2 7 8 2 9 10,1,70,,3300,0,5 6 2 7 8 2 9 10,1,30,,3295,0,5 6 2 7 8 2 9 10,1,70,,3297,0,5 6 2 7 8 2 9 10,1,30,,3298,0,5 6 2 7 8 2 9 10,1,70,,3305,0,5 6 2 7 8 2 9 10,1,30,,3289,0,5 6 2 7 8 2 9 10,1,70,,3302,0,5 6 2 7 8 2 9 10,1,30,,3304,0,5 6 2 7 8 2 9 10,1,70,,1677,0,5 6 2 7 8 2 9 10,1,30,,3299,0,5 6 2 7 8 2 9 10,1,70,,3296,0,5 6 2 7 8 2 9 10,1,30,,3294,0,5 6 2 7 8 2 9 10,1,70,,3303,0,5 6 2 7 8 2 9 10,1,30,,3291,0,5 6 2 7 8 2 9 10,1,70,,3301,0,5 6 2 7 8 2 9 10,1
60200,'18',900,,3312,0,5 6 2 7 8 2 9 10,1,100,,3309,0,5 6 2 7 8 2 9 10,1,100,,3317,0,5 6 2 7 8 2 9 10,1,100,,3313,0,5 6 2 7 8 2 9 10,1,100,,3316,0,5 6 2 7 8 2 9 10,1,100,,3311,0,5 6 2 7 8 2 9 10,1,100,,3315,0,5 6 2 7 8 2 9 10,1,100,,3319,0,5 6 2 7 8 2 9 10,1,100,,3318,0,5 6 2 7 8 2 9 10,1,100,,3314,0,5 6 2 7 8 2 9 10,1,100,,3310,0,5 6 2 7 8 2 9 10,1,100,,3320,0,5 6 2 7 8 2 9 10,1
60200,'20',900,,3341,0,5 6 2 7 8 2 9 10,1,30,,3335,0,5 6 2 7 8 2 9 10,1,70,,3322,0,5 6 2 7 8 2 9 10,1,30,,3339,0,5 6 2 7 8 2 9 10,1,70,,3325,0,5 6 2 7 8 2 9 10,1,30,,3321,0,5 6 2 7 8 2 9 10,1,70,,3324,0,5 6 2 7 8 2 9 10,1,30,,3340,0,5 6 2 7 8 2 9 10,1,70,,3333,0,5 6 2 7 8 2 9 10,1,30,,3327,0,5 6 2 7 8 2 9 10,1,70,,3329,0,5 6 2 7 8 2 9 10,1,30,,3331,0,5 6 2 7 8 2 9 10,1,70,,3338,0,5 6 2 7 8 2 9 10,1,30,,267,0,5 6 2 7 8 2 9 10,1,70,,3336,0,5 6 2 7 8 2 9 10,1,30,,1890,0,5 6 2 7 8 2 9 10,1,70,,3330,0,5 6 2 7 8 2 9 10,1,30,,3332,0,5 6 2 7 8 2 9 10,1,70,,3328,0,5 6 2 7 8 2 9 10,1,30,,3326,0,5 6 2 7 8 2 9 10,1,70,,3337,0,5 6 2 7 8 2 9 10,1,30,,3323,0,5 6 2 7 8 2 9 10,1,70,,3334,0,5 6 2 7 8 2 9 10,1
60200,'4',900,,3364,0,5 6 2 7 8 2 9 10,1,30,,3357,0,5 6 2 7 8 2 9 10,1,70,,3344,0,5 6 2 7 8 2 9 10,1,30,,3362,0,5 6 2 7 8 2 9 10,1,70,,3347,0,5 6 2 7 8 2 9 10,1,30,,3342,0,5 6 2 7 8 2 9 10,1,70,,3346,0,5 6 2 7 8 2 9 10,1,30,,3363,0,5 6 2 7 8 2 9 10,1,70,,3355,0,5 6 2 7 8 2 9 10,1,30,,3349,0,5 6 2 7 8 2 9 10,1,70,,3351,0,5 6 2 7 8 2 9 10,1,30,,3353,0,5 6 2 7 8 2 9 10,1,70,,3361,0,5 6 2 7 8 2 9 10,1,30,,3343,0,5 6 2 7 8 2 9 10,1,70,,3358,0,5 6 2 7 8 2 9 10,1,30,,3360,0,5 6 2 7 8 2 9 10,1,70,,3352,0,5 6 2 7 8 2 9 10,1,30,,3354,0,5 6 2 7 8 2 9 10,1,70,,3350,0,5 6 2 7 8 2 9 10,1,30,,3348,0,5 6 2 7 8 2 9 10,1,70,,3359,0,5 6 2 7 8 2 9 10,1,30,,3345,0,5 6 2 7 8 2 9 10,1,70,,3356,0,5 6 2 7 8 2 9 10,1
60200,'8',900,,3368,0,5 6 2 7 8 2 9 10,1,100,,3365,0,5 6 2 7 8 2 9 10,1,100,,3373,0,5 6 2 7 8 2 9 10,1,100,,3369,0,5 6 2 7 8 2 9 10,1,100,,3372,0,5 6 2 7 8 2 9 10,1,100,,3367,0,5 6 2 7 8 2 9 10,1,100,,3371,0,5 6 2 7 8 2 9 10,1,100,,3375,0,5 6 2 7 8 2 9 10,1,100,,3374,0,5 6 2 7 8 2 9 10,1,100,,3370,0,5 6 2 7 8 2 9 10,1,100,,3366,0,5 6 2 7 8 2 9 10,1,100,,3376,0,5 6 2 7 8 2 9 10,1
60201,'11',959,,3380,4,,1,100,,3379,4,,1,100,,3387,4,,1,100,,3382,4,,1,100,,3377,4,,1,100,,3378,4,,1,100,,3384,4,,1,100,,3383,4,,1,100,,1428,4,,1,100,,3381,4,,1,100,,3385,4,,1,100,,3386,4,,1
60201,'14',959,,3396,4,,1,70,,3402,4,,1,30,,3403,4,,1,70,,3389,4,,1,30,,3392,4,,1,70,,3409,4,,1,30,,3408,4,,1,70,,3388,4,,1,30,,3391,4,,1,70,,3406,4,,1,30,,3404,4,,1,70,,3405,4,,1,30,,3407,4,,1,70,,3393,4,,1,30,,3397,4,,1,70,,3394,4,,1,30,,3390,4,,1,70,,3399,4,,1,30,,3395,4,,1,70,,3400,4,,1,30,,3398,4,,1,70,,3401,4,,1,30,,1423,4,,1
60201,'18',959,,3414,4,,1,100,,3412,4,,1,100,,3421,4,,1,100,,3416,4,,1,100,,3410,4,,1,100,,3411,4,,1,100,,3418,4,,1,100,,3417,4,,1,100,,3413,4,,1,100,,3415,4,,1,100,,3419,4,,1,100,,3420,4,,1
60201,'20',959,,1449,4,,1,70,,3433,4,,1,30,,3434,4,,1,70,,3423,4,,1,30,,3426,4,,1,70,,3441,4,,1,30,,3440,4,,1,70,,3422,4,,1,30,,3425,4,,1,70,,3438,4,,1,30,,3436,4,,1,70,,3437,4,,1,30,,3439,4,,1,70,,3427,4,,1,30,,1881,4,,1,70,,3428,4,,1,30,,3424,4,,1,70,,3430,4,,1,30,,1938,4,,1,70,,3431,4,,1,30,,3429,4,,1,70,,3432,4,,1,30,,3435,4,,1
60201,'4',959,,3450,4,,1,70,,3456,4,,1,30,,3457,4,,1,70,,3443,4,,1,30,,3446,4,,1,70,,3464,4,,1,30,,3463,4,,1,70,,3442,4,,1,30,,3445,4,,1,70,,3461,4,,1,30,,3459,4,,1,70,,3460,4,,1,30,,3462,4,,1,70,,3447,4,,1,30,,3451,4,,1,70,,3448,4,,1,30,,3444,4,,1,70,,3453,4,,1,30,,3449,4,,1,70,,3454,4,,1,30,,3452,4,,1,70,,3455,4,,1,30,,3458,4,,1
60201,'8',959,,3469,4,,1,100,,3467,4,,1,100,,3476,4,,1,100,,3471,4,,1,100,,3465,4,,1,100,,3466,4,,1,100,,3473,4,,1,100,,3472,4,,1,100,,3468,4,,1,100,,3470,4,,1,100,,3474,4,,1,100,,3475,4,,1
60300,'11',900,,3502,0,11 12,1,30,,3505,0,11 12,1,70,,3483,0,11 12,1,30,,3482,0,11 12,1,70,,3485,0,11 12,1,30,,3491,0,11 12,1,70,,3486,0,11 12,1,30,,3499,0,11 12,1,70,,3496,0,11 12,1,30,,3489,0,11 12,1,70,,3494,0,11 12,1,30,,3497,0,11 12,1,70,,3480,0,11 12,1,30,,3512,0,11 12,1,70,,3481,0,11 12,1,30,,3495,0,11 12,1,70,,3507,0,11 12,1,30,,3509,0,11 12,1,70,,3484,0,11 12,1,30,,3492,0,11 12,1,70,,3510,0,11 12,1,30,,3487,0,11 12,1,70,,3479,0,11 12,1
60300,'14',900,,3586,0,11 12,1,15,,3565,0,11 12,1,15,,3544,0,11 12,1,15,,3538,0,11 12,1,55,,3557,0,11 12,1,15,,3558,0,11 12,1,15,,3567,0,11 12,1,15,,3543,0,11 12,1,55,,3537,0,11 12,1,15,,3590,0,11 12,1,15,,3545,0,11 12,1,15,,3526,0,11 12,1,55,,3551,0,11 12,1,15,,3548,0,11 12,1,15,,3580,0,11 12,1,15,,3552,0,11 12,1,55,,3575,0,11 12,1,15,,3523,0,11 12,1,15,,3582,0,11 12,1,15,,3577,0,11 12,1,55,,3553,0,11 12,1,15,,3522,0,11 12,1,15,,3588,0,11 12,1,15,,3592,0,11 12,1,55,,3536,0,11 12,1,15,,3547,0,11 12,1,15,,3535,0,11 12,1,15,,3566,0,11 12,1,55,,3576,0,11 12,1,15,,3524,0,11 12,1,15,,3519,0,11 12,1,15,,3593,0,11 12,1,55,,3549,0,11 12,1,15,,3585,0,11 12,1,15,,3560,0,11 12,1,15,,3563,0,11 12,1,55,,3564,0,11 12,1,30,,3540,0,11 12,1,70,,3539,0,11 12,1,30,,3529,0,11 12,1,70,,3571,0,11 12,1
60300,'18',900,,3620,0,11 12,1,30,,3623,0,11 12,1,70,,3601,0,11 12,1,30,,3600,0,11 12,1,70,,3603,0,11 12,1,30,,3609,0,11 12,1,70,,3604,0,11 12,1,30,,3617,0,11 12,1,70,,3614,0,11 12,1,30,,3607,0,11 12,1,70,,3612,0,11 12,1,30,,3615,0,11 12,1,70,,3598,0,11 12,1,30,,3630,0,11 12,1,70,,3599,0,11 12,1,30,,3613,0,11 12,1,70,,3625,0,11 12,1,30,,3627,0,11 12,1,70,,3602,0,11 12,1,30,,3610,0,11 12,1,70,,3628,0,11 12,1,30,,3605,0,11 12,1,70,,3597,0,11 12,1
60300,'20',900,,3700,0,11 12,1,15,,3681,0,11 12,1,15,,3661,0,11 12,1,15,,3655,0,11 12,1,55,,3673,0,11 12,1,15,,3674,0,11 12,1,15,,3683,0,11 12,1,15,,3660,0,11 12,1,55,,3654,0,11 12,1,15,,3704,0,11 12,1,15,,3662,0,11 12,1,15,,3644,0,11 12,1,55,,3668,0,11 12,1,15,,3665,0,11 12,1,15,,3694,0,11 12,1,15,,1653,0,11 12,1,55,,3690,0,11 12,1,15,,3641,0,11 12,1,15,,3696,0,11 12,1,15,,2068,0,11 12,1,55,,3669,0,11 12,1,15,,3640,0,11 12,1,15,,3702,0,11 12,1,15,,3706,0,11 12,1,55,,3653,0,11 12,1,15,,3664,0,11 12,1,15,,3652,0,11 12,1,15,,3682,0,11 12,1,55,,3691,0,11 12,1,15,,3642,0,11 12,1,15,,3637,0,11 12,1,15,,3707,0,11 12,1,55,,3666,0,11 12,1,15,,3699,0,11 12,1,15,,3676,0,11 12,1,15,,3679,0,11 12,1,55,,3680,0,11 12,1,30,,3657,0,11 12,1,70,,3656,0,11 12,1,30,,3647,0,11 12,1,70,,3687,0,11 12,1
60300,'4',900,,3778,0,11 12,1,15,,3757,0,11 12,1,15,,3736,0,11 12,1,15,,3730,0,11 12,1,55,,3749,0,11 12,1,15,,3750,0,11 12,1,15,,3759,0,11 12,1,15,,3735,0,11 12,1,55,,3729,0,11 12,1,15,,3782,0,11 12,1,15,,3737,0,11 12,1,15,,3718,0,11 12,1,55,,3743,0,11 12,1,15,,3740,0,11 12,1,15,,3772,0,11 12,1,15,,3744,0,11 12,1,55,,3767,0,11 12,1,15,,3715,0,11 12,1,15,,3774,0,11 12,1,15,,3769,0,11 12,1,55,,3745,0,11 12,1,15,,3714,0,11 12,1,15,,3780,0,11 12,1,15,,3784,0,11 12,1,55,,3728,0,11 12,1,15,,3739,0,11 12,1,15,,3727,0,11 12,1,15,,3758,0,11 12,1,55,,3768,0,11 12,1,15,,3716,0,11 12,1,15,,3711,0,11 12,1,15,,3785,0,11 12,1,55,,3741,0,11 12,1,15,,3777,0,11 12,1,15,,3752,0,11 12,1,15,,3755,0,11 12,1,55,,3756,0,11 12,1,30,,3732,0,11 12,1,70,,3731,0,11 12,1,30,,3721,0,11 12,1,70,,3763,0,11 12,1
60300,'8',900,,3812,0,11 12,1,30,,3815,0,11 12,1,70,,3793,0,11 12,1,30,,3792,0,11 12,1,70,,3795,0,11 12,1,30,,3801,0,11 12,1,70,,3796,0,11 12,1,30,,3809,0,11 12,1,70,,3806,0,11 12,1,30,,3799,0,11 12,1,70,,3804,0,11 12,1,30,,3807,0,11 12,1,70,,3790,0,11 12,1,30,,3822,0,11 12,1,70,,3791,0,11 12,1,30,,3805,0,11 12,1,70,,3817,0,11 12,1,30,,3819,0,11 12,1,70,,3794,0,11 12,1,30,,3802,0,11 12,1,70,,3820,0,11 12,1,30,,3797,0,11 12,1,70,,3789,0,11 12,1
60301,'11',959,,3863,4,,1,70,,3835,4,,1,30,,3843,4,,1,70,,3850,4,,1,30,,3841,4,,1,70,,3862,4,,1,30,,3855,4,,1,70,,3829,4,,1,30,,3857,4,,1,70,,3836,4,,1,30,,3851,4,,1,70,,3830,4,,1,30,,3854,4,,1,70,,3847,4,,1,30,,3848,4,,1,70,,3860,4,,1,30,,3831,4,,1,65,,3839,4,,1,30,,3834,4,,1,70,,3858,4,,1,30,,3832,4,,1,70,,3838,4,,1,30,,3840,4,,1
60301,'14',1029,,3870,4,,1,15,,3906,4,,1,15,,3926,4,,1,55,,3907,4,,1,15,,3890,4,,1,15,,3896,4,,1,15,,3869,4,,1,55,,3881,4,,1,15,,3891,4,,1,15,,3913,4,,1,15,,3922,4,,1,55,,3888,4,,1,15,,3895,4,,1,15,,3927,4,,1,15,,3886,4,,1,55,,3889,4,,1,15,,3912,4,,1,15,,3875,4,,1,15,,3910,4,,1,55,,3934,4,,1,15,,3882,4,,1,15,,3924,4,,1,15,,1741,4,,1,55,,3928,4,,1,15,,3938,4,,1,15,,3903,4,,1,15,,3911,4,,1,55,,3868,4,,1,15,,3878,4,,1,15,,3921,4,,1,15,,3884,4,,1,55,,3887,4,,1,15,,3908,4,,1,15,,3904,4,,1,15,,3935,4,,1,55,,3900,4,,1,15,,3893,4,,1,30,,3941,4,,1,70,,3933,4,,1,30,,3915,4,,1
60301,'18',959,,3978,4,,1,70,,3950,4,,1,30,,3958,4,,1,70,,3965,4,,1,30,,3956,4,,1,70,,3977,4,,1,30,,3970,4,,1,70,,3944,4,,1,30,,3972,4,,1,70,,3951,4,,1,30,,3966,4,,1,70,,3945,4,,1,30,,3969,4,,1,70,,3962,4,,1,30,,3963,4,,1,70,,3975,4,,1,30,,3946,4,,1,65,,3954,4,,1,30,,3949,4,,1,70,,3973,4,,1,30,,3947,4,,1,70,,3953,4,,1,30,,3955,4,,1
60301,'20',1029,,3985,4,,1,15,,4022,4,,1,15,,4043,4,,1,55,,4023,4,,1,15,,4005,4,,1,15,,4012,4,,1,15,,3984,4,,1,55,,3996,4,,1,15,,4006,4,,1,15,,4029,4,,1,15,,4039,4,,1,55,,4003,4,,1,15,,4011,4,,1,15,,4044,4,,1,15,,4001,4,,1,55,,4004,4,,1,15,,4028,4,,1,15,,3989,4,,1,15,,4026,4,,1,55,,4051,4,,1,15,,3997,4,,1,15,,4041,4,,1,15,,4034,4,,1,55,,4045,4,,1,15,,4055,4,,1,15,,4019,4,,1,15,,4027,4,,1,55,,3983,4,,1,15,,3992,4,,1,15,,4038,4,,1,15,,3999,4,,1,55,,4002,4,,1,15,,4024,4,,1,15,,4020,4,,1,15,,4052,4,,1,55,,4016,4,,1,15,,4037,4,,1,30,,4058,4,,1,70,,4050,4,,1,30,,4031,4,,1
60301,'4',1029,,4062,4,,1,15,,4100,4,,1,15,,4121,4,,1,55,,4101,4,,1,15,,4083,4,,1,15,,4090,4,,1,15,,4061,4,,1,55,,4074,4,,1,15,,4084,4,,1,15,,4107,4,,1,15,,4117,4,,1,55,,4081,4,,1,15,,4089,4,,1,15,,4122,4,,1,15,,4079,4,,1,55,,4082,4,,1,15,,4106,4,,1,15,,4067,4,,1,15,,4104,4,,1,55,,4129,4,,1,15,,4075,4,,1,15,,4119,4,,1,15,,4112,4,,1,55,,4123,4,,1,15,,4133,4,,1,15,,4097,4,,1,15,,4105,4,,1,55,,4060,4,,1,15,,4070,4,,1,15,,4116,4,,1,15,,4077,4,,1,55,,4080,4,,1,15,,4102,4,,1,15,,4098,4,,1,15,,4130,4,,1,55,,4094,4,,1,15,,4086,4,,1,30,,4136,4,,1,70,,4128,4,,1,30,,4109,4,,1
60301,'8',959,,4173,4,,1,70,,4145,4,,1,30,,4153,4,,1,70,,4160,4,,1,30,,4151,4,,1,70,,4172,4,,1,30,,4165,4,,1,70,,4139,4,,1,30,,4167,4,,1,70,,4146,4,,1,30,,4161,4,,1,70,,4140,4,,1,30,,4164,4,,1,70,,4157,4,,1,30,,4158,4,,1,70,,4170,4,,1,30,,4141,4,,1,65,,4149,4,,1,30,,4144,4,,1,70,,4168,4,,1,30,,4142,4,,1,70,,4148,4,,1,30,,4150,4,,1
