501,50100,'2',6842,6843,6844,6845,6846,6847,6848,6849,6850,6851,6852,6853,6854,6855,6856,6857,6858,6859,6860,6861,6862,6863,6864,6865,6866,6867,6868,6869,6870
501,50100,'4',6871,6872,6873,6874,6875,6876,6877,6878,6879,6880,6881,6882,6883,6884,6885,6886
501,50100,'5',6887,6888,6889,6890,6891,6892,6893,6894
501,50101,'2',6895,6896,6897,5161,6898,6899,6900,6901,6902,6903,6904,6905,6906,6907,6908,5656,6909,6910,6911,6912,5432,5221,6913,6914,6915,6916,6917,6918,6919
501,50101,'4',6920,6921,6922,5190,6923,6924,6925,6926,6927,6928,6929,6930,5089,6931,6932,6933
501,50101,'5',6934,6935,6936,6937,6938,6939,6940,6941
502,50200,'2',6942,6943,6944,6945,6447,6946,6947,6948,6949,6950,6951,6952,6953,6954,6955,6956,5551,6957,6958,6959,6960,6961,4973,6962,6963,6964,6965,6966,6967
502,50200,'4',6968,6969,6970,6971,6972,6973,6974,6975,6976,6977,6978,6979,6980,6981,6982,6983
502,50200,'5',6984,6985,6986,6987,6988,6989,6990,6991
502,50201,'2',6992,6993,6994,6995,6996,6997,6998,6999,7000,7001,7002,7003,7004,7005,7006,7007,7008,7009,7010,7011,7012,7013,7014,7015,7016,7017,7018,7019,7020
502,50201,'4',7021,6038,7022,7023,7024,4094,7025,7026,7027,5918,7028,6071,7029,7030,7031,7032
502,50201,'5',7033,7034,7035,7036,7037,7038,7039,7040
503,50300,'2',7041,7042,7043,7044,7045,7046,7047,7048,7049,7050,7051,6460,7052,7053,7054,7055,7056,7057,7058,7059,7060,7061,7062,7063,7064,7065,7066,7067,7068
503,50300,'4',7069,7070,7071,7072,7073,7074,7075,7076,7077,7078,7079,7080,7081,7082,7083,7084
503,50300,'5',7085,7086,7087,7088,7089,7090,5881,7091
503,50301,'2',7092,7093,7094,7095,7096,7097,7098,7099,7100,7101,7102,3076,7103,5319,7104,7105,7106,7107,7108,7109,7110,7111,7112,7113,7114,7115,7116,7117,7118
503,50301,'4',7119,5130,7120,7121,7122,7123,7124,7125,7126,7127,7128,7129,7130,7131,7132,7133
503,50301,'5',7134,7135,7136,6250,7137,7138,7139,7140
504,50400,'2',6119,7141,7142,4960,7143,7144,7145,7146,7147,7148,7149,7150,5482,7151,7152,7153,7154,7155,7156,7157,7158,7159,7160,7161,7162,7163,7164,7165,7166
504,50400,'4',7167,7168,7169,7170,7171,7172,7173,7174,7175,7176,7177,5748,7178,7179,7180,7181
504,50400,'5',7182,7183,7184,7185,7186,7187,7188,7189
504,50401,'2',7190,7191,7192,7193,7194,5651,7195,7196,7197,7198,7199,7200,7201,7202,7203,7204,7205,7206,7207,7208,7209,7210,5832,7211,7212,7213,7214,7215,7216
504,50401,'4',7217,6328,7218,7219,7220,7221,7222,7223,7224,7225,7226,7227,7228,7229,7230,7231
504,50401,'5',7232,7233,7234,7235,7236,7237,7238,7239
505,50500,'2',7240,7241,7242,7243,7244,7245,7246,7247,5483,7248,7249,7250,7251,7252,7253,7254,7255,7256,7257,7258,7259,7260,7261,7262,7263,7264,7265,7266,7267
505,50500,'4',7268,7269,7270,7271,7272,7273,7274,7275,7276,7277,6059,7278,7279,7280,7281,7282,7283,7284,7285,7286,7287,7288,7289,7290
505,50500,'5',7291,7292,7293,7294,7295,7296,5050,7297
505,50501,'2',7298,7299,6418,7300,7301,7302,7303,7304,7305,4919,7306,7307,7308,7309,7310,7311,7312,7313,7314,7315,7316,7317,7318,5433,7319,7320,5323,7321,7322
505,50501,'4',7323,7324,7325,7326,7327,7328,7329,7330,7331,7332,7333,7334,7335,7336,7337,7338,7339,7340,7341,7342,7343,7344,7345,7346
505,50501,'5',7347,7348,7349,7350,7351,7352,7353,7354
506,50600,'2',7355,7356,7357,5062,7358,7359,7360,7361,7362,7363,7364,7365,7366,7367,7368,7369,7370,7371,7372,7373,7374,7375,7376,7377,7378,7379,7380,7381,7382
506,50600,'4',7383,7384,7385,7386,7387,7388,7389,7390,7391,7392,7393,7394,7395,7396,7397,7398,7399,7400,7401,7402,6663,7403,7404,7405,7406
506,50600,'5',7407,7408,7409,7410,7411,7412,7413,7414
506,50601,'2',7415,7416,7417,7418,7419,7420,7421,7422,7423,7424,6146,5267,7425,7426,7427,7428,7429,7430,7431,7432,7433,7434,7435,7436,7437,7438,7439,7440,7441
506,50601,'4',7442,7443,7444,7445,7446,7447,7448,7449,7450,7451,7452,7453,7454,3745,7455,7456,7457,7458,7459,7460,7461,7462,7463,7464,7465
506,50601,'5',7466,7467,7468,7469,7470,7471,7472,7473
508,50800,'2',7474,7475,7476,7477,7478,7479,7480,7481,7482,7483,7484,7485,5956,7486,6836,7487,7488,7489,7490,7491,6474,7492,7493,7494,5378,7495,7496,7497,7498
508,50800,'4',7499,7500,7501,7502,7503,6049,5508,7504,7505,7506,6360,7507,7508,7509,7510,7511,5791,7512,7513,4943,7514,7515,7516,7517
508,50800,'5',7518,7519,7520,5867,7521,7522,7523,7524
508,50801,'2',7525,7526,7527,7528,7529,7530,7531,7532,7533,7534,7535,7536,7537,7538,7539,7540,7541,7542,7543,7544,7545,7546,7547,7548,7549,7550,7551,7552,7553
508,50801,'4',7554,7555,7556,7557,7558,7559,7560,7561,7562,7563,7564,7565,7566,7567,7568,7569,7570,7571,7572,7573,7574,7575,7576,7577
508,50801,'5',6697,7578,7579,7580,7581,7582,7583,7584
509,50900,'2',7585,7586,5421,6432,7587,7588,5309,7589,7590,7591,7592,7593,7594,7595,7596,7597,7598,7599,7600,7601,7602,7603,7604,7605,7606,7607,7608,7609,7610
509,50900,'4',7611,7612,7613,7614,7615,7616,5391,7617,7618,7619,7620,7621,7622,7623,7624,7625,7626,7627,7628,7629,7630,7631,7632,7633,7634
509,50900,'5',7635,7636,7637,7638,7639,7640,7641,7642
509,50901,'2',6423,7643,7644,5594,3312,7645,7646,7647,7648,7649,7650,7651,7652,5120,7653,7654,7655,7656,3378,7657,7658,7659,7660,7661,7662,7663,7664,7665,7666
509,50901,'4',7667,7668,7669,7670,7671,7672,7673,7674,4942,6366,7675,7676,7677,7678,7679,7680,7681,7682,6383,7683,7684,7685,7686,7687,7688
509,50901,'5',5469,7689,5865,7690,7691,7692,7693,7694
751,75100,'1',6780,8633,8634,8635,8636,8637,8638,8639,8640,8641,8642,8643,8644,8645,8646,8647,8648
751,75100,'11',8649,8650,8651,8652,8653,8654,8655,8656,8657,8658,8659,8660,8661,8662,8663,8664,8665
751,75100,'12',8666,8667,8668,8669,8670,8671,8672,8673,8674,8675,8676,8677,8678,8679,8680,8681,8682
751,75100,'13',8683,8684,8685,8686,8687,8688,8689,8690,8691,8692,8693,8694,8695,8696,8697,8698,8699
751,75100,'16',6814,8700,8701,8702,8703,8704,8705,8706,8707,8708,8709,8710,8711,8712,8713,8714,8715
751,75100,'3',8716,8717,5650,8718,8719,8720,8721,8722,8723,8724,8725,8726,8727,8728,8729,8730,8731
751,75100,'6',8732,8733,8734,8735,8736,8737,8738,8739,8740,8741,8742,8743,8744,8745,8746,8747,8748
751,75101,'1',8749,8750,8751,8752,8753,8754,8755,8756,8757,8758,8759,8760,8761,8762,8763,8764,8765
751,75101,'11',8766,8767,8768,8769,8770,8771,8772,8773,8774,8775,8776,8777,8778,8779,8780,8781,8782
751,75101,'12',8783,8784,8785,8786,8787,8788,8789,8790,8791,8792,8793,8794,8795,8796,8797,8798,8799
751,75101,'13',8800,8801,8802,8803,8804,8805,8806,8807,8808,8809,8810,8811,8812,8813,8814,8815,8816
751,75101,'16',8817,8818,8819,8820,8821,8822,8823,8824,8825,8826,8827,8828,8829,8830,8831,8832,8833
751,75101,'3',8834,8835,8836,8837,8838,8839,8840,8841,8842,8843,8844,8845,8846,8847,8848,8849,8850
751,75101,'6',8851,8852,8853,8854,8855,8856,8857,8858,8859,8860,8861,8862,8863,8864,8865,8866,8867
