75100,'1',725,,8641,23,4,,1,100,,6780,23,4,,1,100,,8633,23,4,,1,100,,8644,23,4,,1,100,,8636,23,4,,1,100,,8640,23,4,,1,100,,8643,23,4,,1,100,,8638,23,4,,1,100,,8635,23,4,,1,100,,8645,23,4,,1,100,,8639,23,4,,1,100,,8646,23,4,,1,100,,8637,23,4,,1,100,,8648,23,4,,1,100,,8634,23,4,,1,100,,8647,23,4,,1,100,,8642,23,4,,1
75100,'11',725,,8658,23,4,,1,100,,8649,23,4,,1,100,,8650,23,4,,1,100,,8661,23,4,,1,100,,8653,23,4,,1,100,,8657,23,4,,1,100,,8660,23,4,,1,100,,8655,23,4,,1,100,,8652,23,4,,1,100,,8662,23,4,,1,100,,8656,23,4,,1,100,,8663,23,4,,1,100,,8654,23,4,,1,100,,8665,23,4,,1,100,,8651,23,4,,1,100,,8664,23,4,,1,100,,8659,23,4,,1
75100,'12',725,,8666,23,4,,1,100,,8677,23,4,,1,100,,8679,23,4,,1,100,,8668,23,4,,1,100,,8676,23,4,,1,100,,8667,23,4,,1,100,,8672,23,4,,1,100,,8670,23,4,,1,100,,8682,23,4,,1,100,,8673,23,4,,1,100,,8674,23,4,,1,100,,8669,23,4,,1,100,,8678,23,4,,1,100,,8681,23,4,,1,100,,8675,23,4,,1,100,,8680,23,4,,1,100,,8671,23,4,,1
75100,'13',725,,8683,23,4,,1,100,,8694,23,4,,1,100,,8696,23,4,,1,100,,8685,23,4,,1,100,,8693,23,4,,1,100,,8684,23,4,,1,100,,8689,23,4,,1,100,,8687,23,4,,1,100,,8699,23,4,,1,100,,8690,23,4,,1,100,,8691,23,4,,1,100,,8686,23,4,,1,100,,8695,23,4,,1,100,,8698,23,4,,1,100,,8692,23,4,,1,100,,8697,23,4,,1,100,,8688,23,4,,1
75100,'16',725,,8708,23,4,,1,100,,6814,23,4,,1,100,,8700,23,4,,1,100,,8711,23,4,,1,100,,8703,23,4,,1,100,,8707,23,4,,1,100,,8710,23,4,,1,100,,8705,23,4,,1,100,,8702,23,4,,1,100,,8712,23,4,,1,100,,8706,23,4,,1,100,,8713,23,4,,1,100,,8704,23,4,,1,100,,8715,23,4,,1,100,,8701,23,4,,1,100,,8714,23,4,,1,100,,8709,23,4,,1
75100,'3',725,,8716,23,4,,1,100,,8726,23,4,,1,100,,8728,23,4,,1,100,,5650,23,4,,1,100,,8725,23,4,,1,100,,8717,23,4,,1,100,,8721,23,4,,1,100,,8719,23,4,,1,100,,8731,23,4,,1,100,,8722,23,4,,1,100,,8723,23,4,,1,100,,8718,23,4,,1,100,,8727,23,4,,1,100,,8730,23,4,,1,100,,8724,23,4,,1,100,,8729,23,4,,1,100,,8720,23,4,,1
75100,'6',725,,8732,23,4,,1,100,,8743,23,4,,1,100,,8745,23,4,,1,100,,8734,23,4,,1,100,,8742,23,4,,1,100,,8733,23,4,,1,100,,8738,23,4,,1,100,,8736,23,4,,1,100,,8748,23,4,,1,100,,8739,23,4,,1,100,,8740,23,4,,1,100,,8735,23,4,,1,100,,8744,23,4,,1,100,,8747,23,4,,1,100,,8741,23,4,,1,100,,8746,23,4,,1,100,,8737,23,4,,1
75101,'1',726,,8760,1,0,17 18,1,100,,8756,1,0,17 18,1,100,,8758,1,0,17 18,1,100,,8759,1,0,17 18,1,100,,8765,1,0,17 18,1,100,,8752,1,0,17 18,1,100,,8751,1,0,17 18,1,100,,8755,1,0,17 18,1,100,,8764,1,0,17 18,1,100,,8754,1,0,17 18,1,100,,8763,1,0,17 18,1,100,,8762,1,0,17 18,1,100,,8757,1,0,17 18,1,100,,8750,1,0,17 18,1,100,,8753,1,0,17 18,1,100,,8761,1,0,17 18,1,100,,8749,1,0,17 18,1
75101,'11',726,,8777,1,0,17 18,1,100,,8773,1,0,17 18,1,100,,8775,1,0,17 18,1,100,,8776,1,0,17 18,1,100,,8782,1,0,17 18,1,100,,8769,1,0,17 18,1,100,,8768,1,0,17 18,1,100,,8772,1,0,17 18,1,100,,8781,1,0,17 18,1,100,,8771,1,0,17 18,1,100,,8780,1,0,17 18,1,100,,8779,1,0,17 18,1,100,,8774,1,0,17 18,1,100,,8767,1,0,17 18,1,100,,8770,1,0,17 18,1,100,,8778,1,0,17 18,1,100,,8766,1,0,17 18,1
75101,'12',726,,8797,1,0,17 18,1,100,,8794,1,0,17 18,1,100,,8784,1,0,17 18,1,100,,8783,1,0,17 18,1,100,,8796,1,0,17 18,1,100,,8798,1,0,17 18,1,100,,8791,1,0,17 18,1,100,,8793,1,0,17 18,1,100,,8795,1,0,17 18,1,100,,8787,1,0,17 18,1,100,,8786,1,0,17 18,1,100,,8785,1,0,17 18,1,100,,8789,1,0,17 18,1,100,,8790,1,0,17 18,1,100,,8799,1,0,17 18,1,100,,8788,1,0,17 18,1,100,,8792,1,0,17 18,1
75101,'13',726,,8814,1,0,17 18,1,100,,8811,1,0,17 18,1,100,,8801,1,0,17 18,1,100,,8800,1,0,17 18,1,100,,8813,1,0,17 18,1,100,,8815,1,0,17 18,1,100,,8808,1,0,17 18,1,100,,8810,1,0,17 18,1,100,,8812,1,0,17 18,1,100,,8804,1,0,17 18,1,100,,8803,1,0,17 18,1,100,,8802,1,0,17 18,1,100,,8806,1,0,17 18,1,100,,8807,1,0,17 18,1,100,,8816,1,0,17 18,1,100,,8805,1,0,17 18,1,100,,8809,1,0,17 18,1
75101,'16',726,,8828,1,0,17 18,1,100,,8824,1,0,17 18,1,100,,8826,1,0,17 18,1,100,,8827,1,0,17 18,1,100,,8833,1,0,17 18,1,100,,8820,1,0,17 18,1,100,,8819,1,0,17 18,1,100,,8823,1,0,17 18,1,100,,8832,1,0,17 18,1,100,,8822,1,0,17 18,1,100,,8831,1,0,17 18,1,100,,8830,1,0,17 18,1,100,,8825,1,0,17 18,1,100,,8818,1,0,17 18,1,100,,8821,1,0,17 18,1,100,,8829,1,0,17 18,1,100,,8817,1,0,17 18,1
75101,'3',726,,8848,1,0,17 18,1,100,,8845,1,0,17 18,1,100,,8835,1,0,17 18,1,100,,8834,1,0,17 18,1,100,,8847,1,0,17 18,1,100,,8849,1,0,17 18,1,100,,8842,1,0,17 18,1,100,,8844,1,0,17 18,1,100,,8846,1,0,17 18,1,100,,8838,1,0,17 18,1,100,,8837,1,0,17 18,1,100,,8836,1,0,17 18,1,100,,8840,1,0,17 18,1,100,,8841,1,0,17 18,1,100,,8850,1,0,17 18,1,100,,8839,1,0,17 18,1,100,,8843,1,0,17 18,1
75101,'6',726,,8865,1,0,17 18,1,100,,8862,1,0,17 18,1,100,,8852,1,0,17 18,1,100,,8851,1,0,17 18,1,100,,8864,1,0,17 18,1,100,,8866,1,0,17 18,1,100,,8859,1,0,17 18,1,100,,8861,1,0,17 18,1,100,,8863,1,0,17 18,1,100,,8855,1,0,17 18,1,100,,8854,1,0,17 18,1,100,,8853,1,0,17 18,1,100,,8857,1,0,17 18,1,100,,8858,1,0,17 18,1,100,,8867,1,0,17 18,1,100,,8856,1,0,17 18,1,100,,8860,1,0,17 18,1
