50800,'2',610,,7491,10,4,,1,30,,7477,10,4,,1,70,,7489,10,4,,1,30,,7497,10,4,,1,70,,7479,10,4,,1,30,,7484,10,4,,1,70,,7498,10,4,,1,30,,5956,10,4,,1,70,,7480,10,4,,1,30,,7478,10,4,,1,70,,7490,10,4,,1,30,,7475,10,4,,1,70,,7486,10,4,,1,30,,6836,10,4,,1,70,,7488,10,4,,1,30,,5378,10,4,,1,70,,7494,10,4,,1,30,,7482,10,4,,1,70,,7476,10,4,,1,30,,7496,10,4,,1,70,,7492,10,4,,1,30,,7485,10,4,,1,70,,6474,10,4,,1,30,,7474,10,4,,1,100,,7493,10,4,,1,100,,7483,10,4,,1,100,,7481,10,4,,1,100,,7487,10,4,,1,100,,7495,10,4,,1
50800,'4',640,,7499,10,4,,1,100,,6360,10,4,,1,100,,7511,10,4,,1,100,,7508,10,4,,1,70,,7510,10,4,,1,30,,7501,10,4,,1,70,,7502,10,4,,1,30,,7504,10,4,,1,70,,7500,10,4,,1,30,,6049,10,4,,1,70,,7514,10,4,,1,30,,7505,10,4,,1,70,,5791,10,4,,1,30,,7503,10,4,,1,70,,7507,10,4,,1,30,,4943,10,4,,1,70,,5508,10,4,,1,30,,7517,10,4,,1,70,,7516,10,4,,1,30,,7513,10,4,,1,100,,7506,10,4,,1,100,,7515,10,4,,1,100,,7509,10,4,,1,100,,7512,10,4,,1
50800,'5',1040,,7521,10,4,,1,100,,7518,10,4,,1,100,,7523,10,4,,1,100,,7522,10,4,,1,100,,5867,10,4,,1,100,,7524,10,4,,1,100,,7520,10,4,,1,100,,7519,10,4,,1
50801,'2',611,,7544,1,0,15 16 17,1,30,,7538,1,0,15 16 17,1,70,,7535,1,0,15 16 17,1,30,,7547,1,0,15 16 17,1,70,,7551,1,0,15 16 17,1,30,,7545,1,0,15 16 17,1,70,,7527,1,0,15 16 17,1,30,,7552,1,0,15 16 17,1,70,,7543,1,0,15 16 17,1,30,,7526,1,0,15 16 17,1,70,,7548,1,0,15 16 17,1,30,,7541,1,0,15 16 17,1,70,,7546,1,0,15 16 17,1,30,,7534,1,0,15 16 17,1,70,,7530,1,0,15 16 17,1,30,,7549,1,0,15 16 17,1,70,,7532,1,0,15 16 17,1,30,,7550,1,0,15 16 17,1,70,,7525,1,0,15 16 17,1,30,,7542,1,0,15 16 17,1,70,,7553,1,0,15 16 17,1,30,,7539,1,0,15 16 17,1,70,,7540,1,0,15 16 17,1,30,,7529,1,0,15 16 17,1,100,,7531,1,0,15 16 17,1,100,,7536,1,0,15 16 17,1,100,,7533,1,0,15 16 17,1,100,,7528,1,0,15 16 17,1,100,,7537,1,0,15 16 17,1
50801,'4',641,,7555,1,0,15 16 17,1,100,,7563,1,0,15 16 17,1,100,,7558,1,0,15 16 17,1,100,,7572,1,0,15 16 17,1,70,,7561,1,0,15 16 17,1,30,,7560,1,0,15 16 17,1,70,,7557,1,0,15 16 17,1,30,,7575,1,0,15 16 17,1,70,,7562,1,0,15 16 17,1,30,,7567,1,0,15 16 17,1,70,,7554,1,0,15 16 17,1,30,,7568,1,0,15 16 17,1,70,,7559,1,0,15 16 17,1,30,,7577,1,0,15 16 17,1,70,,7564,1,0,15 16 17,1,30,,7556,1,0,15 16 17,1,70,,7566,1,0,15 16 17,1,30,,7574,1,0,15 16 17,1,70,,7569,1,0,15 16 17,1,30,,7573,1,0,15 16 17,1,100,,7570,1,0,15 16 17,1,100,,7565,1,0,15 16 17,1,100,,7571,1,0,15 16 17,1,100,,7576,1,0,15 16 17,1
50801,'5',1041,,6697,1,0,15 16 17,1,100,,7583,1,0,15 16 17,1,100,,7578,1,0,15 16 17,1,100,,7581,1,0,15 16 17,1,100,,7579,1,0,15 16 17,1,100,,7582,1,0,15 16 17,1,100,,7580,1,0,15 16 17,1,100,,7584,1,0,15 16 17,1
50900,'2',607,,7585,9,4,,1,30,,7595,9,4,,1,70,,7592,9,4,,1,30,,6432,9,4,,1,70,,7603,9,4,,1,30,,7605,9,4,,1,70,,7608,9,4,,1,30,,7587,9,4,,1,70,,7607,9,4,,1,30,,7601,9,4,,1,70,,7597,9,4,,1,30,,7593,9,4,,1,70,,7599,9,4,,1,30,,7594,9,4,,1,70,,5309,9,4,,1,30,,7602,9,4,,1,70,,5421,9,4,,1,30,,7589,9,4,,1,70,,7606,9,4,,1,30,,7600,9,4,,1,70,,7590,9,4,,1,30,,7598,9,4,,1,70,,7588,9,4,,1,30,,7591,9,4,,1,70,,7609,9,4,,1,100,,7586,9,4,,1,100,,7596,9,4,,1,100,,7610,9,4,,1,100,,7604,9,4,,1
50900,'4',607,,7616,9,4,,1,100,,7622,9,4,,1,100,,7623,9,4,,1,100,,7620,9,4,,1,30,,7631,9,4,,1,70,,7627,9,4,,1,30,,7630,9,4,,1,70,,7613,9,4,,1,30,,7632,9,4,,1,70,,7625,9,4,,1,30,,7628,9,4,,1,70,,7612,9,4,,1,30,,7619,9,4,,1,70,,7624,9,4,,1,30,,7633,9,4,,1,70,,7621,9,4,,1,30,,5391,9,4,,1,70,,7626,9,4,,1,30,,7614,9,4,,1,70,,7611,9,4,,1,30,,7615,9,4,,1,70,,7634,9,4,,1,100,,7617,9,4,,1,100,,7618,9,4,,1,100,,7629,9,4,,1
50900,'5',1007,,7635,9,4,,1,100,,7642,9,4,,1,100,,7641,9,4,,1,100,,7636,9,4,,1,100,,7640,9,4,,1,100,,7639,9,4,,1,100,,7637,9,4,,1,100,,7638,9,4,,1
50901,'2',610,,7654,1,0,18 19 20,1,30,,7650,1,0,18 19 20,1,70,,7646,1,0,18 19 20,1,30,,7656,1,0,18 19 20,1,70,,7644,1,0,18 19 20,1,30,,3312,1,0,18 19 20,1,70,,5594,1,0,18 19 20,1,30,,7657,1,0,18 19 20,1,70,,7648,1,0,18 19 20,1,30,,7664,1,0,18 19 20,1,70,,7659,1,0,18 19 20,1,30,,3378,1,0,18 19 20,1,70,,7651,1,0,18 19 20,1,30,,7647,1,0,18 19 20,1,70,,7653,1,0,18 19 20,1,30,,7663,1,0,18 19 20,1,70,,5120,1,0,18 19 20,1,30,,7645,1,0,18 19 20,1,70,,7658,1,0,18 19 20,1,30,,7660,1,0,18 19 20,1,70,,7662,1,0,18 19 20,1,30,,7661,1,0,18 19 20,1,70,,7655,1,0,18 19 20,1,30,,6423,1,0,18 19 20,1,70,,7649,1,0,18 19 20,1,100,,7665,1,0,18 19 20,1,100,,7643,1,0,18 19 20,1,100,,7666,1,0,18 19 20,1,100,,7652,1,0,18 19 20,1
50901,'4',610,,7688,1,0,18 19 20,1,100,,7675,1,0,18 19 20,1,100,,7681,1,0,18 19 20,1,100,,7678,1,0,18 19 20,1,30,,7672,1,0,18 19 20,1,70,,7686,1,0,18 19 20,1,30,,7680,1,0,18 19 20,1,70,,7679,1,0,18 19 20,1,30,,7676,1,0,18 19 20,1,70,,4942,1,0,18 19 20,1,30,,6366,1,0,18 19 20,1,70,,7677,1,0,18 19 20,1,30,,6383,1,0,18 19 20,1,70,,7667,1,0,18 19 20,1,30,,7683,1,0,18 19 20,1,70,,7684,1,0,18 19 20,1,30,,7685,1,0,18 19 20,1,70,,7687,1,0,18 19 20,1,30,,7671,1,0,18 19 20,1,70,,7682,1,0,18 19 20,1,30,,7673,1,0,18 19 20,1,70,,7668,1,0,18 19 20,1,100,,7670,1,0,18 19 20,1,100,,7669,1,0,18 19 20,1,100,,7674,1,0,18 19 20,1
50901,'5',1010,,7692,1,0,18 19 20,1,100,,5865,1,0,18 19 20,1,100,,7689,1,0,18 19 20,1,100,,7694,1,0,18 19 20,1,100,,7691,1,0,18 19 20,1,100,,7693,1,0,18 19 20,1,100,,5469,1,0,18 19 20,1,100,,7690,1,0,18 19 20,1
