50201,'2',622,,6998,11,0,11 6,1,30,,7013,11,0,11 6,1,70,,7017,11,0,11 6,1,30,,6995,11,0,11 6,1,70,,7011,11,0,11 6,1,30,,7020,11,0,11 6,1,70,,7010,11,0,11 6,1,30,,6994,11,0,11 6,1,70,,7009,11,0,11 6,1,30,,7015,11,0,11 6,1,70,,6997,11,0,11 6,1,30,,7012,11,0,11 6,1,70,,7000,11,0,11 6,1,30,,7004,11,0,11 6,1,70,,7008,11,0,11 6,1,30,,7016,11,0,11 6,1,70,,7019,11,0,11 6,1,30,,7018,11,0,11 6,1,70,,6999,11,0,11 6,1,30,,7001,11,0,11 6,1,70,,7006,11,0,11 6,1,30,,6996,11,0,11 6,1,70,,7003,11,0,11 6,1,30,,7005,11,0,11 6,1,99,,7002,11,0,11 6,1,100,,6992,11,0,11 6,1,100,,7014,11,0,11 6,1,100,,6993,11,0,11 6,1,100,,7007,11,0,11 6,1
50201,'4',652,,6071,11,0,11 6,1,100,,5918,11,0,11 6,1,100,,6038,11,0,11 6,1,100,,7021,11,0,11 6,1,100,,7032,11,0,11 6,1,100,,7024,11,0,11 6,1,100,,7025,11,0,11 6,1,100,,7023,11,0,11 6,1,100,,7027,11,0,11 6,1,100,,7031,11,0,11 6,1,100,,4094,11,0,11 6,1,100,,7026,11,0,11 6,1,100,,7030,11,0,11 6,1,100,,7029,11,0,11 6,1,100,,7022,11,0,11 6,1,100,,7028,11,0,11 6,1
50201,'5',1052,,7037,11,0,11 6,1,100,,7040,11,0,11 6,1,100,,7034,11,0,11 6,1,100,,7033,11,0,11 6,1,100,,7035,11,0,11 6,1,100,,7036,11,0,11 6,1,100,,7038,11,0,11 6,1,100,,7039,11,0,11 6,1
50301,'2',622,,7096,11,0,9 10,1,30,,7107,11,0,9 10,1,70,,7092,11,0,9 10,1,30,,7118,11,0,9 10,1,70,,7115,11,0,9 10,1,30,,7105,11,0,9 10,1,70,,7097,11,0,9 10,1,30,,7093,11,0,9 10,1,70,,5319,11,0,9 10,1,30,,7112,11,0,9 10,1,70,,7113,11,0,9 10,1,30,,7117,11,0,9 10,1,70,,7111,11,0,9 10,1,30,,7103,11,0,9 10,1,70,,7098,11,0,9 10,1,30,,7095,11,0,9 10,1,70,,7102,11,0,9 10,1,30,,7099,11,0,9 10,1,70,,7108,11,0,9 10,1,30,,7110,11,0,9 10,1,70,,7109,11,0,9 10,1,30,,7114,11,0,9 10,1,70,,7116,11,0,9 10,1,30,,7106,11,0,9 10,1,70,,7094,11,0,9 10,1,100,,7104,11,0,9 10,1,100,,7101,11,0,9 10,1,100,,7100,11,0,9 10,1,100,,3076,11,0,9 10,1
50301,'4',622,,7129,11,0,9 10,1,100,,7125,11,0,9 10,1,100,,7131,11,0,9 10,1,100,,7121,11,0,9 10,1,100,,7127,11,0,9 10,1,100,,7128,11,0,9 10,1,100,,7119,11,0,9 10,1,100,,7130,11,0,9 10,1,100,,7132,11,0,9 10,1,100,,7122,11,0,9 10,1,100,,7124,11,0,9 10,1,100,,7126,11,0,9 10,1,100,,7133,11,0,9 10,1,100,,7120,11,0,9 10,1,100,,5130,11,0,9 10,1,100,,7123,11,0,9 10,1
50301,'5',1022,,7139,11,0,9 10,1,100,,7136,11,0,9 10,1,100,,7138,11,0,9 10,1,100,,6250,11,0,9 10,1,100,,7135,11,0,9 10,1,100,,7134,11,0,9 10,1,100,,7140,11,0,9 10,1,100,,7137,11,0,9 10,1
50401,'2',624,,7191,18,0,12 13,1,30,,7197,18,0,12 13,1,70,,7213,18,0,12 13,1,30,,7212,18,0,12 13,1,70,,7196,18,0,12 13,1,30,,7214,18,0,12 13,1,70,,7204,18,0,12 13,1,30,,7210,18,0,12 13,1,70,,7195,18,0,12 13,1,30,,7203,18,0,12 13,1,70,,5832,18,0,12 13,1,30,,7215,18,0,12 13,1,70,,7198,18,0,12 13,1,30,,7199,18,0,12 13,1,70,,7211,18,0,12 13,1,30,,7193,18,0,12 13,1,70,,7208,18,0,12 13,1,30,,7209,18,0,12 13,1,70,,7205,18,0,12 13,1,30,,5651,18,0,12 13,1,70,,7201,18,0,12 13,1,30,,7206,18,0,12 13,1,70,,7200,18,0,12 13,1,30,,7202,18,0,12 13,1,70,,7192,18,0,12 13,1,100,,7216,18,0,12 13,1,100,,7194,18,0,12 13,1,100,,7190,18,0,12 13,1,100,,7207,18,0,12 13,1
50401,'4',624,,7228,18,0,12 13,1,100,,7229,18,0,12 13,1,100,,7219,18,0,12 13,1,100,,7220,18,0,12 13,1,100,,7224,18,0,12 13,1,100,,6328,18,0,12 13,1,100,,7231,18,0,12 13,1,100,,7223,18,0,12 13,1,100,,7217,18,0,12 13,1,100,,7230,18,0,12 13,1,100,,7226,18,0,12 13,1,100,,7218,18,0,12 13,1,100,,7221,18,0,12 13,1,100,,7225,18,0,12 13,1,100,,7222,18,0,12 13,1,100,,7227,18,0,12 13,1
50401,'5',1024,,7238,18,0,12 13,1,100,,7237,18,0,12 13,1,100,,7234,18,0,12 13,1,100,,7239,18,0,12 13,1,100,,7232,18,0,12 13,1,100,,7236,18,0,12 13,1,100,,7233,18,0,12 13,1,100,,7235,18,0,12 13,1
50901,'2',623,,7654,18,0,7 8,1,30,,7650,18,0,7 8,1,71,,7646,18,0,7 8,1,30,,7656,18,0,7 8,1,70,,7644,18,0,7 8,1,30,,3312,18,0,7 8,1,70,,5594,18,0,7 8,1,30,,7657,18,0,7 8,1,69,,7648,18,0,7 8,1,30,,7664,18,0,7 8,1,70,,7659,18,0,7 8,1,30,,3378,18,0,7 8,1,70,,7651,18,0,7 8,1,30,,7647,18,0,7 8,1,70,,7653,18,0,7 8,1,30,,7663,18,0,7 8,1,71,,5120,18,0,7 8,1,30,,7645,18,0,7 8,1,70,,7658,18,0,7 8,1,30,,7660,18,0,7 8,1,70,,7662,18,0,7 8,1,30,,7661,18,0,7 8,1,70,,7655,18,0,7 8,1,30,,6423,18,0,7 8,1,70,,7649,18,0,7 8,1,99,,7665,18,0,7 8,1,100,,7643,18,0,7 8,1,100,,7666,18,0,7 8,1,100,,7652,18,0,7 8,1
50901,'4',623,,7688,18,0,7 8,1,101,,7675,18,0,7 8,1,100,,7681,18,0,7 8,1,100,,7678,18,0,7 8,1,30,,7672,18,0,7 8,1,69,,7686,18,0,7 8,1,30,,7680,18,0,7 8,1,70,,7679,18,0,7 8,1,30,,7676,18,0,7 8,1,70,,4942,18,0,7 8,1,30,,6366,18,0,7 8,1,70,,7677,18,0,7 8,1,30,,6383,18,0,7 8,1,71,,7667,18,0,7 8,1,30,,7683,18,0,7 8,1,70,,7684,18,0,7 8,1,30,,7685,18,0,7 8,1,70,,7687,18,0,7 8,1,30,,7671,18,0,7 8,1,70,,7682,18,0,7 8,1,30,,7673,18,0,7 8,1,70,,7668,18,0,7 8,1,99,,7670,18,0,7 8,1,100,,7669,18,0,7 8,1,100,,7674,18,0,7 8,1
50901,'5',1023,,7692,18,0,7 8,1,100,,5865,18,0,7 8,1,100,,7689,18,0,7 8,1,100,,7694,18,0,7 8,1,101,,7691,18,0,7 8,1,100,,7693,18,0,7 8,1,100,,5469,18,0,7 8,1,100,,7690,18,0,7 8,1
