60200,'11',906,,2109,5,0,5 6 2 7 8 2 9 10,1,100,,2106,5,0,5 6 2 7 8 2 9 10,1,100,,2114,5,0,5 6 2 7 8 2 9 10,1,100,,2110,5,0,5 6 2 7 8 2 9 10,1,100,,2113,5,0,5 6 2 7 8 2 9 10,1,100,,2108,5,0,5 6 2 7 8 2 9 10,1,100,,2112,5,0,5 6 2 7 8 2 9 10,1,100,,2116,5,0,5 6 2 7 8 2 9 10,1,100,,2115,5,0,5 6 2 7 8 2 9 10,1,100,,2111,5,0,5 6 2 7 8 2 9 10,1,100,,2107,5,0,5 6 2 7 8 2 9 10,1,100,,2117,5,0,5 6 2 7 8 2 9 10,1
60200,'14',906,,2138,5,0,5 6 2 7 8 2 9 10,1,30,,898,5,0,5 6 2 7 8 2 9 10,1,70,,2120,5,0,5 6 2 7 8 2 9 10,1,30,,2136,5,0,5 6 2 7 8 2 9 10,1,70,,2123,5,0,5 6 2 7 8 2 9 10,1,30,,2118,5,0,5 6 2 7 8 2 9 10,1,70,,2122,5,0,5 6 2 7 8 2 9 10,1,30,,2137,5,0,5 6 2 7 8 2 9 10,1,70,,2130,5,0,5 6 2 7 8 2 9 10,1,30,,2125,5,0,5 6 2 7 8 2 9 10,1,70,,2127,5,0,5 6 2 7 8 2 9 10,1,30,,2128,5,0,5 6 2 7 8 2 9 10,1,70,,2135,5,0,5 6 2 7 8 2 9 10,1,30,,2119,5,0,5 6 2 7 8 2 9 10,1,70,,2132,5,0,5 6 2 7 8 2 9 10,1,30,,2134,5,0,5 6 2 7 8 2 9 10,1,70,,468,5,0,5 6 2 7 8 2 9 10,1,30,,2129,5,0,5 6 2 7 8 2 9 10,1,70,,2126,5,0,5 6 2 7 8 2 9 10,1,30,,2124,5,0,5 6 2 7 8 2 9 10,1,70,,2133,5,0,5 6 2 7 8 2 9 10,1,30,,2121,5,0,5 6 2 7 8 2 9 10,1,70,,2131,5,0,5 6 2 7 8 2 9 10,1
60200,'18',906,,2142,5,0,5 6 2 7 8 2 9 10,1,100,,2139,5,0,5 6 2 7 8 2 9 10,1,100,,2147,5,0,5 6 2 7 8 2 9 10,1,100,,2143,5,0,5 6 2 7 8 2 9 10,1,100,,2146,5,0,5 6 2 7 8 2 9 10,1,100,,2141,5,0,5 6 2 7 8 2 9 10,1,100,,2145,5,0,5 6 2 7 8 2 9 10,1,100,,2149,5,0,5 6 2 7 8 2 9 10,1,100,,2148,5,0,5 6 2 7 8 2 9 10,1,100,,2144,5,0,5 6 2 7 8 2 9 10,1,100,,2140,5,0,5 6 2 7 8 2 9 10,1,100,,2150,5,0,5 6 2 7 8 2 9 10,1
60200,'20',906,,2171,5,0,5 6 2 7 8 2 9 10,1,30,,2165,5,0,5 6 2 7 8 2 9 10,1,70,,2152,5,0,5 6 2 7 8 2 9 10,1,30,,2169,5,0,5 6 2 7 8 2 9 10,1,70,,2155,5,0,5 6 2 7 8 2 9 10,1,30,,2151,5,0,5 6 2 7 8 2 9 10,1,70,,2154,5,0,5 6 2 7 8 2 9 10,1,30,,2170,5,0,5 6 2 7 8 2 9 10,1,70,,2163,5,0,5 6 2 7 8 2 9 10,1,30,,2157,5,0,5 6 2 7 8 2 9 10,1,70,,2159,5,0,5 6 2 7 8 2 9 10,1,30,,2161,5,0,5 6 2 7 8 2 9 10,1,70,,2168,5,0,5 6 2 7 8 2 9 10,1,30,,372,5,0,5 6 2 7 8 2 9 10,1,70,,2166,5,0,5 6 2 7 8 2 9 10,1,30,,697,5,0,5 6 2 7 8 2 9 10,1,70,,2160,5,0,5 6 2 7 8 2 9 10,1,30,,2162,5,0,5 6 2 7 8 2 9 10,1,70,,2158,5,0,5 6 2 7 8 2 9 10,1,30,,2156,5,0,5 6 2 7 8 2 9 10,1,70,,2167,5,0,5 6 2 7 8 2 9 10,1,30,,2153,5,0,5 6 2 7 8 2 9 10,1,70,,2164,5,0,5 6 2 7 8 2 9 10,1
60200,'4',906,,2194,5,0,5 6 2 7 8 2 9 10,1,30,,2187,5,0,5 6 2 7 8 2 9 10,1,70,,2174,5,0,5 6 2 7 8 2 9 10,1,30,,2192,5,0,5 6 2 7 8 2 9 10,1,70,,2177,5,0,5 6 2 7 8 2 9 10,1,30,,2172,5,0,5 6 2 7 8 2 9 10,1,70,,2176,5,0,5 6 2 7 8 2 9 10,1,30,,2193,5,0,5 6 2 7 8 2 9 10,1,70,,2185,5,0,5 6 2 7 8 2 9 10,1,30,,2179,5,0,5 6 2 7 8 2 9 10,1,70,,2181,5,0,5 6 2 7 8 2 9 10,1,30,,2183,5,0,5 6 2 7 8 2 9 10,1,70,,2191,5,0,5 6 2 7 8 2 9 10,1,30,,2173,5,0,5 6 2 7 8 2 9 10,1,70,,2188,5,0,5 6 2 7 8 2 9 10,1,30,,2190,5,0,5 6 2 7 8 2 9 10,1,70,,2182,5,0,5 6 2 7 8 2 9 10,1,30,,2184,5,0,5 6 2 7 8 2 9 10,1,70,,2180,5,0,5 6 2 7 8 2 9 10,1,30,,2178,5,0,5 6 2 7 8 2 9 10,1,70,,2189,5,0,5 6 2 7 8 2 9 10,1,30,,2175,5,0,5 6 2 7 8 2 9 10,1,70,,2186,5,0,5 6 2 7 8 2 9 10,1
60200,'8',906,,2198,5,0,5 6 2 7 8 2 9 10,1,100,,2195,5,0,5 6 2 7 8 2 9 10,1,100,,2203,5,0,5 6 2 7 8 2 9 10,1,100,,2199,5,0,5 6 2 7 8 2 9 10,1,100,,2202,5,0,5 6 2 7 8 2 9 10,1,100,,2197,5,0,5 6 2 7 8 2 9 10,1,100,,2201,5,0,5 6 2 7 8 2 9 10,1,100,,2205,5,0,5 6 2 7 8 2 9 10,1,100,,2204,5,0,5 6 2 7 8 2 9 10,1,100,,2200,5,0,5 6 2 7 8 2 9 10,1,100,,2196,5,0,5 6 2 7 8 2 9 10,1,100,,2206,5,0,5 6 2 7 8 2 9 10,1
60201,'11',955,,2210,11,0,5 6 2 13,1,100,,2209,11,0,5 6 2 13,1,100,,2217,11,0,5 6 2 13,1,100,,2212,11,0,5 6 2 13,1,100,,2207,11,0,5 6 2 13,1,100,,2208,11,0,5 6 2 13,1,100,,2214,11,0,5 6 2 13,1,100,,2213,11,0,5 6 2 13,1,100,,208,11,0,5 6 2 13,1,100,,2211,11,0,5 6 2 13,1,100,,2215,11,0,5 6 2 13,1,100,,2216,11,0,5 6 2 13,1
60201,'14',955,,2226,11,0,5 6 2 13,1,70,,2232,11,0,5 6 2 13,1,30,,2233,11,0,5 6 2 13,1,70,,2219,11,0,5 6 2 13,1,30,,2222,11,0,5 6 2 13,1,70,,2239,11,0,5 6 2 13,1,30,,2238,11,0,5 6 2 13,1,70,,2218,11,0,5 6 2 13,1,30,,2221,11,0,5 6 2 13,1,70,,2236,11,0,5 6 2 13,1,30,,2234,11,0,5 6 2 13,1,70,,2235,11,0,5 6 2 13,1,30,,2237,11,0,5 6 2 13,1,70,,2223,11,0,5 6 2 13,1,30,,2227,11,0,5 6 2 13,1,70,,2224,11,0,5 6 2 13,1,30,,2220,11,0,5 6 2 13,1,70,,2229,11,0,5 6 2 13,1,30,,2225,11,0,5 6 2 13,1,70,,2230,11,0,5 6 2 13,1,30,,2228,11,0,5 6 2 13,1,70,,2231,11,0,5 6 2 13,1,30,,203,11,0,5 6 2 13,1
60201,'18',955,,2244,11,0,5 6 2 13,1,100,,2242,11,0,5 6 2 13,1,100,,2251,11,0,5 6 2 13,1,100,,2246,11,0,5 6 2 13,1,100,,2240,11,0,5 6 2 13,1,100,,2241,11,0,5 6 2 13,1,100,,2248,11,0,5 6 2 13,1,100,,2247,11,0,5 6 2 13,1,100,,2243,11,0,5 6 2 13,1,100,,2245,11,0,5 6 2 13,1,100,,2249,11,0,5 6 2 13,1,100,,2250,11,0,5 6 2 13,1
60201,'20',955,,230,11,0,5 6 2 13,1,70,,2263,11,0,5 6 2 13,1,30,,2264,11,0,5 6 2 13,1,70,,2253,11,0,5 6 2 13,1,30,,2256,11,0,5 6 2 13,1,70,,2271,11,0,5 6 2 13,1,30,,2270,11,0,5 6 2 13,1,70,,2252,11,0,5 6 2 13,1,30,,2255,11,0,5 6 2 13,1,70,,2268,11,0,5 6 2 13,1,30,,2266,11,0,5 6 2 13,1,70,,2267,11,0,5 6 2 13,1,30,,2269,11,0,5 6 2 13,1,70,,2257,11,0,5 6 2 13,1,30,,688,11,0,5 6 2 13,1,70,,2258,11,0,5 6 2 13,1,30,,2254,11,0,5 6 2 13,1,70,,2260,11,0,5 6 2 13,1,30,,746,11,0,5 6 2 13,1,70,,2261,11,0,5 6 2 13,1,30,,2259,11,0,5 6 2 13,1,70,,2262,11,0,5 6 2 13,1,30,,2265,11,0,5 6 2 13,1
60201,'4',955,,2280,11,0,5 6 2 13,1,70,,2286,11,0,5 6 2 13,1,30,,2287,11,0,5 6 2 13,1,70,,2273,11,0,5 6 2 13,1,30,,2276,11,0,5 6 2 13,1,70,,2294,11,0,5 6 2 13,1,30,,2293,11,0,5 6 2 13,1,70,,2272,11,0,5 6 2 13,1,30,,2275,11,0,5 6 2 13,1,70,,2291,11,0,5 6 2 13,1,30,,2289,11,0,5 6 2 13,1,70,,2290,11,0,5 6 2 13,1,30,,2292,11,0,5 6 2 13,1,70,,2277,11,0,5 6 2 13,1,30,,2281,11,0,5 6 2 13,1,70,,2278,11,0,5 6 2 13,1,30,,2274,11,0,5 6 2 13,1,70,,2283,11,0,5 6 2 13,1,30,,2279,11,0,5 6 2 13,1,70,,2284,11,0,5 6 2 13,1,30,,2282,11,0,5 6 2 13,1,70,,2285,11,0,5 6 2 13,1,30,,2288,11,0,5 6 2 13,1
60201,'8',955,,2299,11,0,5 6 2 13,1,100,,2297,11,0,5 6 2 13,1,100,,2306,11,0,5 6 2 13,1,100,,2301,11,0,5 6 2 13,1,100,,2295,11,0,5 6 2 13,1,100,,2296,11,0,5 6 2 13,1,100,,2303,11,0,5 6 2 13,1,100,,2302,11,0,5 6 2 13,1,100,,2298,11,0,5 6 2 13,1,100,,2300,11,0,5 6 2 13,1,100,,2304,11,0,5 6 2 13,1,100,,2305,11,0,5 6 2 13,1
60300,'11',905,,2332,5,0,11 12,1,30,,2335,5,0,11 12,1,70,,2313,5,0,11 12,1,30,,2312,5,0,11 12,1,70,,2315,5,0,11 12,1,30,,2321,5,0,11 12,1,70,,2316,5,0,11 12,1,30,,2329,5,0,11 12,1,70,,2326,5,0,11 12,1,30,,2319,5,0,11 12,1,70,,2324,5,0,11 12,1,30,,2327,5,0,11 12,1,70,,2310,5,0,11 12,1,30,,2342,5,0,11 12,1,70,,2311,5,0,11 12,1,30,,2325,5,0,11 12,1,70,,2337,5,0,11 12,1,30,,2339,5,0,11 12,1,70,,2314,5,0,11 12,1,30,,2322,5,0,11 12,1,70,,2340,5,0,11 12,1,30,,2317,5,0,11 12,1,70,,2309,5,0,11 12,1
60300,'14',907,,2416,5,0,11 12,1,15,,2395,5,0,11 12,1,15,,2374,5,0,11 12,1,15,,2368,5,0,11 12,1,55,,2387,5,0,11 12,1,15,,2388,5,0,11 12,1,15,,2397,5,0,11 12,1,15,,2373,5,0,11 12,1,55,,2367,5,0,11 12,1,15,,2420,5,0,11 12,1,15,,2375,5,0,11 12,1,15,,2356,5,0,11 12,1,55,,2381,5,0,11 12,1,15,,2378,5,0,11 12,1,15,,2410,5,0,11 12,1,15,,2382,5,0,11 12,1,55,,2405,5,0,11 12,1,15,,2353,5,0,11 12,1,15,,2412,5,0,11 12,1,15,,2407,5,0,11 12,1,55,,2383,5,0,11 12,1,15,,2352,5,0,11 12,1,15,,2418,5,0,11 12,1,15,,2422,5,0,11 12,1,55,,2366,5,0,11 12,1,15,,2377,5,0,11 12,1,15,,2365,5,0,11 12,1,15,,2396,5,0,11 12,1,55,,2406,5,0,11 12,1,15,,2354,5,0,11 12,1,15,,2349,5,0,11 12,1,15,,2423,5,0,11 12,1,55,,2379,5,0,11 12,1,15,,2415,5,0,11 12,1,15,,2390,5,0,11 12,1,15,,2393,5,0,11 12,1,55,,2394,5,0,11 12,1,30,,2370,5,0,11 12,1,70,,2369,5,0,11 12,1,30,,2359,5,0,11 12,1,70,,2401,5,0,11 12,1
60300,'18',905,,2450,5,0,11 12,1,30,,2453,5,0,11 12,1,70,,2431,5,0,11 12,1,30,,2430,5,0,11 12,1,70,,2433,5,0,11 12,1,30,,2439,5,0,11 12,1,70,,2434,5,0,11 12,1,30,,2447,5,0,11 12,1,70,,2444,5,0,11 12,1,30,,2437,5,0,11 12,1,70,,2442,5,0,11 12,1,30,,2445,5,0,11 12,1,70,,2428,5,0,11 12,1,30,,2460,5,0,11 12,1,70,,2429,5,0,11 12,1,30,,2443,5,0,11 12,1,70,,2455,5,0,11 12,1,30,,2457,5,0,11 12,1,70,,2432,5,0,11 12,1,30,,2440,5,0,11 12,1,70,,2458,5,0,11 12,1,30,,2435,5,0,11 12,1,70,,2427,5,0,11 12,1
60300,'20',907,,2530,5,0,11 12,1,15,,2511,5,0,11 12,1,15,,2491,5,0,11 12,1,15,,2485,5,0,11 12,1,55,,2503,5,0,11 12,1,15,,2504,5,0,11 12,1,15,,2513,5,0,11 12,1,15,,2490,5,0,11 12,1,55,,2484,5,0,11 12,1,15,,2534,5,0,11 12,1,15,,2492,5,0,11 12,1,15,,2474,5,0,11 12,1,55,,2498,5,0,11 12,1,15,,2495,5,0,11 12,1,15,,2524,5,0,11 12,1,15,,440,5,0,11 12,1,55,,2520,5,0,11 12,1,15,,2471,5,0,11 12,1,15,,2526,5,0,11 12,1,15,,882,5,0,11 12,1,55,,2499,5,0,11 12,1,15,,2470,5,0,11 12,1,15,,2532,5,0,11 12,1,15,,2536,5,0,11 12,1,55,,2483,5,0,11 12,1,15,,2494,5,0,11 12,1,15,,2482,5,0,11 12,1,15,,2512,5,0,11 12,1,55,,2521,5,0,11 12,1,15,,2472,5,0,11 12,1,15,,2467,5,0,11 12,1,15,,2537,5,0,11 12,1,55,,2496,5,0,11 12,1,15,,2529,5,0,11 12,1,15,,2506,5,0,11 12,1,15,,2509,5,0,11 12,1,55,,2510,5,0,11 12,1,30,,2487,5,0,11 12,1,70,,2486,5,0,11 12,1,30,,2477,5,0,11 12,1,70,,2517,5,0,11 12,1
60300,'4',907,,2608,5,0,11 12,1,15,,2587,5,0,11 12,1,15,,2566,5,0,11 12,1,15,,2560,5,0,11 12,1,55,,2579,5,0,11 12,1,15,,2580,5,0,11 12,1,15,,2589,5,0,11 12,1,15,,2565,5,0,11 12,1,55,,2559,5,0,11 12,1,15,,2612,5,0,11 12,1,15,,2567,5,0,11 12,1,15,,2548,5,0,11 12,1,55,,2573,5,0,11 12,1,15,,2570,5,0,11 12,1,15,,2602,5,0,11 12,1,15,,2574,5,0,11 12,1,55,,2597,5,0,11 12,1,15,,2545,5,0,11 12,1,15,,2604,5,0,11 12,1,15,,2599,5,0,11 12,1,55,,2575,5,0,11 12,1,15,,2544,5,0,11 12,1,15,,2610,5,0,11 12,1,15,,2614,5,0,11 12,1,55,,2558,5,0,11 12,1,15,,2569,5,0,11 12,1,15,,2557,5,0,11 12,1,15,,2588,5,0,11 12,1,55,,2598,5,0,11 12,1,15,,2546,5,0,11 12,1,15,,2541,5,0,11 12,1,15,,2615,5,0,11 12,1,55,,2571,5,0,11 12,1,15,,2607,5,0,11 12,1,15,,2582,5,0,11 12,1,15,,2585,5,0,11 12,1,55,,2586,5,0,11 12,1,30,,2562,5,0,11 12,1,70,,2561,5,0,11 12,1,30,,2551,5,0,11 12,1,70,,2593,5,0,11 12,1
60300,'8',905,,2642,5,0,11 12,1,30,,2645,5,0,11 12,1,70,,2623,5,0,11 12,1,30,,2622,5,0,11 12,1,70,,2625,5,0,11 12,1,30,,2631,5,0,11 12,1,70,,2626,5,0,11 12,1,30,,2639,5,0,11 12,1,70,,2636,5,0,11 12,1,30,,2629,5,0,11 12,1,70,,2634,5,0,11 12,1,30,,2637,5,0,11 12,1,70,,2620,5,0,11 12,1,30,,2652,5,0,11 12,1,70,,2621,5,0,11 12,1,30,,2635,5,0,11 12,1,70,,2647,5,0,11 12,1,30,,2649,5,0,11 12,1,70,,2624,5,0,11 12,1,30,,2632,5,0,11 12,1,70,,2650,5,0,11 12,1,30,,2627,5,0,11 12,1,70,,2619,5,0,11 12,1
