60200,'11',902,,2109,3,0,5 6 2 7 8 2 9 10,1,100,,2106,3,0,5 6 2 7 8 2 9 10,1,100,,2114,3,0,5 6 2 7 8 2 9 10,1,100,,2110,3,0,5 6 2 7 8 2 9 10,1,100,,2113,3,0,5 6 2 7 8 2 9 10,1,100,,2108,3,0,5 6 2 7 8 2 9 10,1,100,,2112,3,0,5 6 2 7 8 2 9 10,1,100,,2116,3,0,5 6 2 7 8 2 9 10,1,100,,2115,3,0,5 6 2 7 8 2 9 10,1,100,,2111,3,0,5 6 2 7 8 2 9 10,1,100,,2107,3,0,5 6 2 7 8 2 9 10,1,100,,2117,3,0,5 6 2 7 8 2 9 10,1
60200,'14',902,,2138,3,0,5 6 2 7 8 2 9 10,1,30,,898,3,0,5 6 2 7 8 2 9 10,1,70,,2120,3,0,5 6 2 7 8 2 9 10,1,30,,2136,3,0,5 6 2 7 8 2 9 10,1,70,,2123,3,0,5 6 2 7 8 2 9 10,1,30,,2118,3,0,5 6 2 7 8 2 9 10,1,70,,2122,3,0,5 6 2 7 8 2 9 10,1,30,,2137,3,0,5 6 2 7 8 2 9 10,1,70,,2130,3,0,5 6 2 7 8 2 9 10,1,30,,2125,3,0,5 6 2 7 8 2 9 10,1,70,,2127,3,0,5 6 2 7 8 2 9 10,1,30,,2128,3,0,5 6 2 7 8 2 9 10,1,70,,2135,3,0,5 6 2 7 8 2 9 10,1,30,,2119,3,0,5 6 2 7 8 2 9 10,1,70,,2132,3,0,5 6 2 7 8 2 9 10,1,30,,2134,3,0,5 6 2 7 8 2 9 10,1,70,,468,3,0,5 6 2 7 8 2 9 10,1,30,,2129,3,0,5 6 2 7 8 2 9 10,1,70,,2126,3,0,5 6 2 7 8 2 9 10,1,30,,2124,3,0,5 6 2 7 8 2 9 10,1,70,,2133,3,0,5 6 2 7 8 2 9 10,1,30,,2121,3,0,5 6 2 7 8 2 9 10,1,70,,2131,3,0,5 6 2 7 8 2 9 10,1
60200,'18',902,,2142,3,0,5 6 2 7 8 2 9 10,1,100,,2139,3,0,5 6 2 7 8 2 9 10,1,100,,2147,3,0,5 6 2 7 8 2 9 10,1,100,,2143,3,0,5 6 2 7 8 2 9 10,1,100,,2146,3,0,5 6 2 7 8 2 9 10,1,100,,2141,3,0,5 6 2 7 8 2 9 10,1,100,,2145,3,0,5 6 2 7 8 2 9 10,1,100,,2149,3,0,5 6 2 7 8 2 9 10,1,100,,2148,3,0,5 6 2 7 8 2 9 10,1,100,,2144,3,0,5 6 2 7 8 2 9 10,1,100,,2140,3,0,5 6 2 7 8 2 9 10,1,100,,2150,3,0,5 6 2 7 8 2 9 10,1
60200,'20',902,,2171,3,0,5 6 2 7 8 2 9 10,1,30,,2165,3,0,5 6 2 7 8 2 9 10,1,70,,2152,3,0,5 6 2 7 8 2 9 10,1,30,,2169,3,0,5 6 2 7 8 2 9 10,1,70,,2155,3,0,5 6 2 7 8 2 9 10,1,30,,2151,3,0,5 6 2 7 8 2 9 10,1,70,,2154,3,0,5 6 2 7 8 2 9 10,1,30,,2170,3,0,5 6 2 7 8 2 9 10,1,70,,2163,3,0,5 6 2 7 8 2 9 10,1,30,,2157,3,0,5 6 2 7 8 2 9 10,1,70,,2159,3,0,5 6 2 7 8 2 9 10,1,30,,2161,3,0,5 6 2 7 8 2 9 10,1,70,,2168,3,0,5 6 2 7 8 2 9 10,1,30,,372,3,0,5 6 2 7 8 2 9 10,1,70,,2166,3,0,5 6 2 7 8 2 9 10,1,30,,697,3,0,5 6 2 7 8 2 9 10,1,70,,2160,3,0,5 6 2 7 8 2 9 10,1,30,,2162,3,0,5 6 2 7 8 2 9 10,1,70,,2158,3,0,5 6 2 7 8 2 9 10,1,30,,2156,3,0,5 6 2 7 8 2 9 10,1,70,,2167,3,0,5 6 2 7 8 2 9 10,1,30,,2153,3,0,5 6 2 7 8 2 9 10,1,70,,2164,3,0,5 6 2 7 8 2 9 10,1
60200,'4',902,,2194,3,0,5 6 2 7 8 2 9 10,1,30,,2187,3,0,5 6 2 7 8 2 9 10,1,70,,2174,3,0,5 6 2 7 8 2 9 10,1,30,,2192,3,0,5 6 2 7 8 2 9 10,1,70,,2177,3,0,5 6 2 7 8 2 9 10,1,30,,2172,3,0,5 6 2 7 8 2 9 10,1,70,,2176,3,0,5 6 2 7 8 2 9 10,1,30,,2193,3,0,5 6 2 7 8 2 9 10,1,70,,2185,3,0,5 6 2 7 8 2 9 10,1,30,,2179,3,0,5 6 2 7 8 2 9 10,1,70,,2181,3,0,5 6 2 7 8 2 9 10,1,30,,2183,3,0,5 6 2 7 8 2 9 10,1,70,,2191,3,0,5 6 2 7 8 2 9 10,1,30,,2173,3,0,5 6 2 7 8 2 9 10,1,70,,2188,3,0,5 6 2 7 8 2 9 10,1,30,,2190,3,0,5 6 2 7 8 2 9 10,1,70,,2182,3,0,5 6 2 7 8 2 9 10,1,30,,2184,3,0,5 6 2 7 8 2 9 10,1,70,,2180,3,0,5 6 2 7 8 2 9 10,1,30,,2178,3,0,5 6 2 7 8 2 9 10,1,70,,2189,3,0,5 6 2 7 8 2 9 10,1,30,,2175,3,0,5 6 2 7 8 2 9 10,1,70,,2186,3,0,5 6 2 7 8 2 9 10,1
60200,'8',902,,2198,3,0,5 6 2 7 8 2 9 10,1,100,,2195,3,0,5 6 2 7 8 2 9 10,1,100,,2203,3,0,5 6 2 7 8 2 9 10,1,100,,2199,3,0,5 6 2 7 8 2 9 10,1,100,,2202,3,0,5 6 2 7 8 2 9 10,1,100,,2197,3,0,5 6 2 7 8 2 9 10,1,100,,2201,3,0,5 6 2 7 8 2 9 10,1,100,,2205,3,0,5 6 2 7 8 2 9 10,1,100,,2204,3,0,5 6 2 7 8 2 9 10,1,100,,2200,3,0,5 6 2 7 8 2 9 10,1,100,,2196,3,0,5 6 2 7 8 2 9 10,1,100,,2206,3,0,5 6 2 7 8 2 9 10,1
60201,'11',952,,2210,9,0,5 6 2 13,1,100,,2209,9,0,5 6 2 13,1,100,,2217,9,0,5 6 2 13,1,100,,2212,9,0,5 6 2 13,1,100,,2207,9,0,5 6 2 13,1,100,,2208,9,0,5 6 2 13,1,100,,2214,9,0,5 6 2 13,1,100,,2213,9,0,5 6 2 13,1,100,,208,9,0,5 6 2 13,1,100,,2211,9,0,5 6 2 13,1,100,,2215,9,0,5 6 2 13,1,100,,2216,9,0,5 6 2 13,1
60201,'14',952,,2226,9,0,5 6 2 13,1,70,,2232,9,0,5 6 2 13,1,30,,2233,9,0,5 6 2 13,1,70,,2219,9,0,5 6 2 13,1,30,,2222,9,0,5 6 2 13,1,70,,2239,9,0,5 6 2 13,1,30,,2238,9,0,5 6 2 13,1,70,,2218,9,0,5 6 2 13,1,30,,2221,9,0,5 6 2 13,1,70,,2236,9,0,5 6 2 13,1,30,,2234,9,0,5 6 2 13,1,70,,2235,9,0,5 6 2 13,1,30,,2237,9,0,5 6 2 13,1,70,,2223,9,0,5 6 2 13,1,30,,2227,9,0,5 6 2 13,1,70,,2224,9,0,5 6 2 13,1,30,,2220,9,0,5 6 2 13,1,70,,2229,9,0,5 6 2 13,1,30,,2225,9,0,5 6 2 13,1,70,,2230,9,0,5 6 2 13,1,30,,2228,9,0,5 6 2 13,1,70,,2231,9,0,5 6 2 13,1,30,,203,9,0,5 6 2 13,1
60201,'18',952,,2244,9,0,5 6 2 13,1,100,,2242,9,0,5 6 2 13,1,100,,2251,9,0,5 6 2 13,1,100,,2246,9,0,5 6 2 13,1,100,,2240,9,0,5 6 2 13,1,100,,2241,9,0,5 6 2 13,1,100,,2248,9,0,5 6 2 13,1,100,,2247,9,0,5 6 2 13,1,100,,2243,9,0,5 6 2 13,1,100,,2245,9,0,5 6 2 13,1,100,,2249,9,0,5 6 2 13,1,100,,2250,9,0,5 6 2 13,1
60201,'20',952,,230,9,0,5 6 2 13,1,70,,2263,9,0,5 6 2 13,1,30,,2264,9,0,5 6 2 13,1,70,,2253,9,0,5 6 2 13,1,30,,2256,9,0,5 6 2 13,1,70,,2271,9,0,5 6 2 13,1,30,,2270,9,0,5 6 2 13,1,70,,2252,9,0,5 6 2 13,1,30,,2255,9,0,5 6 2 13,1,70,,2268,9,0,5 6 2 13,1,30,,2266,9,0,5 6 2 13,1,70,,2267,9,0,5 6 2 13,1,30,,2269,9,0,5 6 2 13,1,70,,2257,9,0,5 6 2 13,1,30,,688,9,0,5 6 2 13,1,70,,2258,9,0,5 6 2 13,1,30,,2254,9,0,5 6 2 13,1,70,,2260,9,0,5 6 2 13,1,30,,746,9,0,5 6 2 13,1,70,,2261,9,0,5 6 2 13,1,30,,2259,9,0,5 6 2 13,1,70,,2262,9,0,5 6 2 13,1,30,,2265,9,0,5 6 2 13,1
60201,'4',952,,2280,9,0,5 6 2 13,1,70,,2286,9,0,5 6 2 13,1,30,,2287,9,0,5 6 2 13,1,70,,2273,9,0,5 6 2 13,1,30,,2276,9,0,5 6 2 13,1,70,,2294,9,0,5 6 2 13,1,30,,2293,9,0,5 6 2 13,1,70,,2272,9,0,5 6 2 13,1,30,,2275,9,0,5 6 2 13,1,70,,2291,9,0,5 6 2 13,1,30,,2289,9,0,5 6 2 13,1,70,,2290,9,0,5 6 2 13,1,30,,2292,9,0,5 6 2 13,1,70,,2277,9,0,5 6 2 13,1,30,,2281,9,0,5 6 2 13,1,70,,2278,9,0,5 6 2 13,1,30,,2274,9,0,5 6 2 13,1,70,,2283,9,0,5 6 2 13,1,30,,2279,9,0,5 6 2 13,1,70,,2284,9,0,5 6 2 13,1,30,,2282,9,0,5 6 2 13,1,70,,2285,9,0,5 6 2 13,1,30,,2288,9,0,5 6 2 13,1
60201,'8',952,,2299,9,0,5 6 2 13,1,100,,2297,9,0,5 6 2 13,1,100,,2306,9,0,5 6 2 13,1,100,,2301,9,0,5 6 2 13,1,100,,2295,9,0,5 6 2 13,1,100,,2296,9,0,5 6 2 13,1,100,,2303,9,0,5 6 2 13,1,100,,2302,9,0,5 6 2 13,1,100,,2298,9,0,5 6 2 13,1,100,,2300,9,0,5 6 2 13,1,100,,2304,9,0,5 6 2 13,1,100,,2305,9,0,5 6 2 13,1
60300,'11',902,,2332,3,0,11 12,1,30,,2335,3,0,11 12,1,70,,2313,3,0,11 12,1,30,,2312,3,0,11 12,1,70,,2315,3,0,11 12,1,30,,2321,3,0,11 12,1,70,,2316,3,0,11 12,1,30,,2329,3,0,11 12,1,70,,2326,3,0,11 12,1,30,,2319,3,0,11 12,1,70,,2324,3,0,11 12,1,30,,2327,3,0,11 12,1,70,,2310,3,0,11 12,1,30,,2342,3,0,11 12,1,70,,2311,3,0,11 12,1,30,,2325,3,0,11 12,1,70,,2337,3,0,11 12,1,30,,2339,3,0,11 12,1,70,,2314,3,0,11 12,1,30,,2322,3,0,11 12,1,70,,2340,3,0,11 12,1,30,,2317,3,0,11 12,1,70,,2309,3,0,11 12,1
60300,'14',902,,2416,3,0,11 12,1,15,,2395,3,0,11 12,1,15,,2374,3,0,11 12,1,15,,2368,3,0,11 12,1,55,,2387,3,0,11 12,1,15,,2388,3,0,11 12,1,15,,2397,3,0,11 12,1,15,,2373,3,0,11 12,1,55,,2367,3,0,11 12,1,15,,2420,3,0,11 12,1,15,,2375,3,0,11 12,1,15,,2356,3,0,11 12,1,55,,2381,3,0,11 12,1,15,,2378,3,0,11 12,1,15,,2410,3,0,11 12,1,15,,2382,3,0,11 12,1,55,,2405,3,0,11 12,1,15,,2353,3,0,11 12,1,15,,2412,3,0,11 12,1,15,,2407,3,0,11 12,1,55,,2383,3,0,11 12,1,15,,2352,3,0,11 12,1,15,,2418,3,0,11 12,1,15,,2422,3,0,11 12,1,55,,2366,3,0,11 12,1,15,,2377,3,0,11 12,1,15,,2365,3,0,11 12,1,15,,2396,3,0,11 12,1,55,,2406,3,0,11 12,1,15,,2354,3,0,11 12,1,15,,2349,3,0,11 12,1,15,,2423,3,0,11 12,1,55,,2379,3,0,11 12,1,15,,2415,3,0,11 12,1,15,,2390,3,0,11 12,1,15,,2393,3,0,11 12,1,55,,2394,3,0,11 12,1,30,,2370,3,0,11 12,1,70,,2369,3,0,11 12,1,30,,2359,3,0,11 12,1,70,,2401,3,0,11 12,1
60300,'18',902,,2450,3,0,11 12,1,30,,2453,3,0,11 12,1,70,,2431,3,0,11 12,1,30,,2430,3,0,11 12,1,70,,2433,3,0,11 12,1,30,,2439,3,0,11 12,1,70,,2434,3,0,11 12,1,30,,2447,3,0,11 12,1,70,,2444,3,0,11 12,1,30,,2437,3,0,11 12,1,70,,2442,3,0,11 12,1,30,,2445,3,0,11 12,1,70,,2428,3,0,11 12,1,30,,2460,3,0,11 12,1,70,,2429,3,0,11 12,1,30,,2443,3,0,11 12,1,70,,2455,3,0,11 12,1,30,,2457,3,0,11 12,1,70,,2432,3,0,11 12,1,30,,2440,3,0,11 12,1,70,,2458,3,0,11 12,1,30,,2435,3,0,11 12,1,70,,2427,3,0,11 12,1
60300,'20',902,,2530,3,0,11 12,1,15,,2511,3,0,11 12,1,15,,2491,3,0,11 12,1,15,,2485,3,0,11 12,1,55,,2503,3,0,11 12,1,15,,2504,3,0,11 12,1,15,,2513,3,0,11 12,1,15,,2490,3,0,11 12,1,55,,2484,3,0,11 12,1,15,,2534,3,0,11 12,1,15,,2492,3,0,11 12,1,15,,2474,3,0,11 12,1,55,,2498,3,0,11 12,1,15,,2495,3,0,11 12,1,15,,2524,3,0,11 12,1,15,,440,3,0,11 12,1,55,,2520,3,0,11 12,1,15,,2471,3,0,11 12,1,15,,2526,3,0,11 12,1,15,,882,3,0,11 12,1,55,,2499,3,0,11 12,1,15,,2470,3,0,11 12,1,15,,2532,3,0,11 12,1,15,,2536,3,0,11 12,1,55,,2483,3,0,11 12,1,15,,2494,3,0,11 12,1,15,,2482,3,0,11 12,1,15,,2512,3,0,11 12,1,55,,2521,3,0,11 12,1,15,,2472,3,0,11 12,1,15,,2467,3,0,11 12,1,15,,2537,3,0,11 12,1,55,,2496,3,0,11 12,1,15,,2529,3,0,11 12,1,15,,2506,3,0,11 12,1,15,,2509,3,0,11 12,1,55,,2510,3,0,11 12,1,30,,2487,3,0,11 12,1,70,,2486,3,0,11 12,1,30,,2477,3,0,11 12,1,70,,2517,3,0,11 12,1
60300,'4',902,,2608,3,0,11 12,1,15,,2587,3,0,11 12,1,15,,2566,3,0,11 12,1,15,,2560,3,0,11 12,1,55,,2579,3,0,11 12,1,15,,2580,3,0,11 12,1,15,,2589,3,0,11 12,1,15,,2565,3,0,11 12,1,55,,2559,3,0,11 12,1,15,,2612,3,0,11 12,1,15,,2567,3,0,11 12,1,15,,2548,3,0,11 12,1,55,,2573,3,0,11 12,1,15,,2570,3,0,11 12,1,15,,2602,3,0,11 12,1,15,,2574,3,0,11 12,1,55,,2597,3,0,11 12,1,15,,2545,3,0,11 12,1,15,,2604,3,0,11 12,1,15,,2599,3,0,11 12,1,55,,2575,3,0,11 12,1,15,,2544,3,0,11 12,1,15,,2610,3,0,11 12,1,15,,2614,3,0,11 12,1,55,,2558,3,0,11 12,1,15,,2569,3,0,11 12,1,15,,2557,3,0,11 12,1,15,,2588,3,0,11 12,1,55,,2598,3,0,11 12,1,15,,2546,3,0,11 12,1,15,,2541,3,0,11 12,1,15,,2615,3,0,11 12,1,55,,2571,3,0,11 12,1,15,,2607,3,0,11 12,1,15,,2582,3,0,11 12,1,15,,2585,3,0,11 12,1,55,,2586,3,0,11 12,1,30,,2562,3,0,11 12,1,70,,2561,3,0,11 12,1,30,,2551,3,0,11 12,1,70,,2593,3,0,11 12,1
60300,'8',902,,2642,3,0,11 12,1,30,,2645,3,0,11 12,1,70,,2623,3,0,11 12,1,30,,2622,3,0,11 12,1,70,,2625,3,0,11 12,1,30,,2631,3,0,11 12,1,70,,2626,3,0,11 12,1,30,,2639,3,0,11 12,1,70,,2636,3,0,11 12,1,30,,2629,3,0,11 12,1,70,,2634,3,0,11 12,1,30,,2637,3,0,11 12,1,70,,2620,3,0,11 12,1,30,,2652,3,0,11 12,1,70,,2621,3,0,11 12,1,30,,2635,3,0,11 12,1,70,,2647,3,0,11 12,1,30,,2649,3,0,11 12,1,70,,2624,3,0,11 12,1,30,,2632,3,0,11 12,1,70,,2650,3,0,11 12,1,30,,2627,3,0,11 12,1,70,,2619,3,0,11 12,1
