60200,'11',914,,2109,10,,,1,100,,2106,10,,,1,100,,2114,10,,,1,100,,2110,10,,,1,100,,2113,10,,,1,100,,2108,10,,,1,100,,2112,10,,,1,100,,2116,10,,,1,100,,2115,10,,,1,100,,2111,10,,,1,100,,2107,10,,,1,100,,2117,10,,,1
60200,'14',914,,2138,10,,,1,30,,898,10,,,1,70,,2120,10,,,1,30,,2136,10,,,1,70,,2123,10,,,1,30,,2118,10,,,1,70,,2122,10,,,1,30,,2137,10,,,1,70,,2130,10,,,1,30,,2125,10,,,1,70,,2127,10,,,1,30,,2128,10,,,1,70,,2135,10,,,1,30,,2119,10,,,1,70,,2132,10,,,1,30,,2134,10,,,1,70,,468,10,,,1,30,,2129,10,,,1,70,,2126,10,,,1,30,,2124,10,,,1,70,,2133,10,,,1,30,,2121,10,,,1,70,,2131,10,,,1
60200,'18',914,,2142,10,,,1,100,,2139,10,,,1,100,,2147,10,,,1,100,,2143,10,,,1,100,,2146,10,,,1,100,,2141,10,,,1,100,,2145,10,,,1,100,,2149,10,,,1,100,,2148,10,,,1,100,,2144,10,,,1,100,,2140,10,,,1,100,,2150,10,,,1
60200,'20',914,,2171,10,,,1,30,,2165,10,,,1,70,,2152,10,,,1,30,,2169,10,,,1,70,,2155,10,,,1,30,,2151,10,,,1,70,,2154,10,,,1,30,,2170,10,,,1,70,,2163,10,,,1,30,,2157,10,,,1,70,,2159,10,,,1,30,,2161,10,,,1,70,,2168,10,,,1,30,,372,10,,,1,70,,2166,10,,,1,30,,697,10,,,1,70,,2160,10,,,1,30,,2162,10,,,1,70,,2158,10,,,1,30,,2156,10,,,1,70,,2167,10,,,1,30,,2153,10,,,1,70,,2164,10,,,1
60200,'4',914,,2194,10,,,1,30,,2187,10,,,1,70,,2174,10,,,1,30,,2192,10,,,1,70,,2177,10,,,1,30,,2172,10,,,1,70,,2176,10,,,1,30,,2193,10,,,1,70,,2185,10,,,1,30,,2179,10,,,1,70,,2181,10,,,1,30,,2183,10,,,1,70,,2191,10,,,1,30,,2173,10,,,1,70,,2188,10,,,1,30,,2190,10,,,1,70,,2182,10,,,1,30,,2184,10,,,1,70,,2180,10,,,1,30,,2178,10,,,1,70,,2189,10,,,1,30,,2175,10,,,1,70,,2186,10,,,1
60200,'8',914,,2198,10,,,1,100,,2195,10,,,1,100,,2203,10,,,1,100,,2199,10,,,1,100,,2202,10,,,1,100,,2197,10,,,1,100,,2201,10,,,1,100,,2205,10,,,1,100,,2204,10,,,1,100,,2200,10,,,1,100,,2196,10,,,1,100,,2206,10,,,1
60300,'11',914,,2332,10,,,1,30,,2335,10,,,1,70,,2313,10,,,1,30,,2312,10,,,1,70,,2315,10,,,1,30,,2321,10,,,1,70,,2316,10,,,1,30,,2329,10,,,1,70,,2326,10,,,1,30,,2319,10,,,1,70,,2324,10,,,1,30,,2327,10,,,1,70,,2310,10,,,1,30,,2342,10,,,1,70,,2311,10,,,1,30,,2325,10,,,1,70,,2337,10,,,1,30,,2339,10,,,1,70,,2314,10,,,1,30,,2322,10,,,1,70,,2340,10,,,1,30,,2317,10,,,1,70,,2309,10,,,1
60300,'14',917,,2416,10,,,1,15,,2395,10,,,1,15,,2374,10,,,1,55,,2368,10,,,1,15,,2387,10,,,1,15,,2388,10,,,1,15,,2397,10,,,1,55,,2373,10,,,1,15,,2367,10,,,1,15,,2420,10,,,1,15,,2375,10,,,1,55,,2356,10,,,1,15,,2381,10,,,1,15,,2378,10,,,1,15,,2410,10,,,1,55,,2382,10,,,1,15,,2405,10,,,1,15,,2353,10,,,1,15,,2412,10,,,1,55,,2407,10,,,1,15,,2383,10,,,1,15,,2352,10,,,1,15,,2418,10,,,1,55,,2422,10,,,1,15,,2366,10,,,1,15,,2377,10,,,1,15,,2365,10,,,1,55,,2396,10,,,1,15,,2406,10,,,1,15,,2354,10,,,1,15,,2349,10,,,1,55,,2423,10,,,1,15,,2379,10,,,1,15,,2415,10,,,1,15,,2390,10,,,1,55,,2393,10,,,1,15,,2394,10,,,1,30,,2370,10,,,1,70,,2369,10,,,1,30,,2359,10,,,1,70,,2401,10,,,1
60300,'18',914,,2450,10,,,1,30,,2453,10,,,1,70,,2431,10,,,1,30,,2430,10,,,1,70,,2433,10,,,1,30,,2439,10,,,1,70,,2434,10,,,1,30,,2447,10,,,1,70,,2444,10,,,1,30,,2437,10,,,1,70,,2442,10,,,1,30,,2445,10,,,1,70,,2428,10,,,1,30,,2460,10,,,1,70,,2429,10,,,1,30,,2443,10,,,1,70,,2455,10,,,1,30,,2457,10,,,1,70,,2432,10,,,1,30,,2440,10,,,1,70,,2458,10,,,1,30,,2435,10,,,1,70,,2427,10,,,1
60300,'20',917,,2530,10,,,1,15,,2511,10,,,1,15,,2491,10,,,1,55,,2485,10,,,1,15,,2503,10,,,1,15,,2504,10,,,1,15,,2513,10,,,1,55,,2490,10,,,1,15,,2484,10,,,1,15,,2534,10,,,1,15,,2492,10,,,1,55,,2474,10,,,1,15,,2498,10,,,1,15,,2495,10,,,1,15,,2524,10,,,1,55,,440,10,,,1,15,,2520,10,,,1,15,,2471,10,,,1,15,,2526,10,,,1,55,,882,10,,,1,15,,2499,10,,,1,15,,2470,10,,,1,15,,2532,10,,,1,55,,2536,10,,,1,15,,2483,10,,,1,15,,2494,10,,,1,15,,2482,10,,,1,55,,2512,10,,,1,15,,2521,10,,,1,15,,2472,10,,,1,15,,2467,10,,,1,55,,2537,10,,,1,15,,2496,10,,,1,15,,2529,10,,,1,15,,2506,10,,,1,55,,2509,10,,,1,15,,2510,10,,,1,30,,2487,10,,,1,70,,2486,10,,,1,30,,2477,10,,,1,70,,2517,10,,,1
60300,'4',917,,2608,10,,,1,15,,2587,10,,,1,15,,2566,10,,,1,55,,2560,10,,,1,15,,2579,10,,,1,15,,2580,10,,,1,15,,2589,10,,,1,55,,2565,10,,,1,15,,2559,10,,,1,15,,2612,10,,,1,15,,2567,10,,,1,55,,2548,10,,,1,15,,2573,10,,,1,15,,2570,10,,,1,15,,2602,10,,,1,55,,2574,10,,,1,15,,2597,10,,,1,15,,2545,10,,,1,15,,2604,10,,,1,55,,2599,10,,,1,15,,2575,10,,,1,15,,2544,10,,,1,15,,2610,10,,,1,55,,2614,10,,,1,15,,2558,10,,,1,15,,2569,10,,,1,15,,2557,10,,,1,55,,2588,10,,,1,15,,2598,10,,,1,15,,2546,10,,,1,15,,2541,10,,,1,55,,2615,10,,,1,15,,2571,10,,,1,15,,2607,10,,,1,15,,2582,10,,,1,55,,2585,10,,,1,15,,2586,10,,,1,30,,2562,10,,,1,70,,2561,10,,,1,30,,2551,10,,,1,70,,2593,10,,,1
60300,'8',914,,2642,10,,,1,30,,2645,10,,,1,70,,2623,10,,,1,30,,2622,10,,,1,70,,2625,10,,,1,30,,2631,10,,,1,70,,2626,10,,,1,30,,2639,10,,,1,70,,2636,10,,,1,30,,2629,10,,,1,70,,2634,10,,,1,30,,2637,10,,,1,70,,2620,10,,,1,30,,2652,10,,,1,70,,2621,10,,,1,30,,2635,10,,,1,70,,2647,10,,,1,30,,2649,10,,,1,70,,2624,10,,,1,30,,2632,10,,,1,70,,2650,10,,,1,30,,2627,10,,,1,70,,2619,10,,,1
