60200,'13',900,,917,1,0,5 6 2 7 8 2 9 10,1,100,,918,1,0,5 6 2 7 8 2 9 10,1,100,,927,1,0,5 6 2 7 8 2 9 10,1,100,,919,1,0,5 6 2 7 8 2 9 10,1,100,,921,1,0,5 6 2 7 8 2 9 10,1,100,,925,1,0,5 6 2 7 8 2 9 10,1,100,,928,1,0,5 6 2 7 8 2 9 10,1,100,,924,1,0,5 6 2 7 8 2 9 10,1,100,,920,1,0,5 6 2 7 8 2 9 10,1,100,,923,1,0,5 6 2 7 8 2 9 10,1,100,,926,1,0,5 6 2 7 8 2 9 10,1,100,,922,1,0,5 6 2 7 8 2 9 10,1
60200,'6',900,,929,1,0,5 6 2 7 8 2 9 10,1,100,,930,1,0,5 6 2 7 8 2 9 10,1,100,,939,1,0,5 6 2 7 8 2 9 10,1,100,,931,1,0,5 6 2 7 8 2 9 10,1,100,,933,1,0,5 6 2 7 8 2 9 10,1,100,,937,1,0,5 6 2 7 8 2 9 10,1,100,,940,1,0,5 6 2 7 8 2 9 10,1,100,,936,1,0,5 6 2 7 8 2 9 10,1,100,,932,1,0,5 6 2 7 8 2 9 10,1,100,,935,1,0,5 6 2 7 8 2 9 10,1,100,,938,1,0,5 6 2 7 8 2 9 10,1,100,,934,1,0,5 6 2 7 8 2 9 10,1
60200,'9',900,,941,1,0,5 6 2 7 8 2 9 10,1,100,,942,1,0,5 6 2 7 8 2 9 10,1,100,,951,1,0,5 6 2 7 8 2 9 10,1,100,,943,1,0,5 6 2 7 8 2 9 10,1,100,,945,1,0,5 6 2 7 8 2 9 10,1,100,,949,1,0,5 6 2 7 8 2 9 10,1,100,,952,1,0,5 6 2 7 8 2 9 10,1,100,,948,1,0,5 6 2 7 8 2 9 10,1,100,,944,1,0,5 6 2 7 8 2 9 10,1,100,,947,1,0,5 6 2 7 8 2 9 10,1,100,,950,1,0,5 6 2 7 8 2 9 10,1,100,,946,1,0,5 6 2 7 8 2 9 10,1
60201,'13',959,,955,14,4,,1,100,,957,14,4,,1,100,,963,14,4,,1,100,,958,14,4,,1,100,,956,14,4,,1,100,,959,14,4,,1,100,,962,14,4,,1,100,,961,14,4,,1,100,,960,14,4,,1,100,,953,14,4,,1,100,,954,14,4,,1,100,,964,14,4,,1
60201,'6',959,,967,14,4,,1,100,,969,14,4,,1,100,,975,14,4,,1,100,,970,14,4,,1,100,,968,14,4,,1,100,,971,14,4,,1,100,,974,14,4,,1,100,,973,14,4,,1,100,,972,14,4,,1,100,,965,14,4,,1,100,,966,14,4,,1,100,,976,14,4,,1
60201,'9',959,,979,14,4,,1,100,,981,14,4,,1,100,,987,14,4,,1,100,,982,14,4,,1,100,,980,14,4,,1,100,,983,14,4,,1,100,,986,14,4,,1,100,,985,14,4,,1,100,,984,14,4,,1,100,,977,14,4,,1,100,,978,14,4,,1,100,,988,14,4,,1
60300,'13',900,,1024,1,0,11 12,1,30,,1016,1,0,11 12,1,70,,1021,1,0,11 12,1,30,,1003,1,0,11 12,1,70,,1022,1,0,11 12,1,30,,995,1,0,11 12,1,70,,1025,1,0,11 12,1,30,,1005,1,0,11 12,1,70,,1002,1,0,11 12,1,30,,1014,1,0,11 12,1,70,,990,1,0,11 12,1,30,,996,1,0,11 12,1,70,,1013,1,0,11 12,1,30,,997,1,0,11 12,1,70,,1019,1,0,11 12,1,30,,1001,1,0,11 12,1,70,,991,1,0,11 12,1,30,,1012,1,0,11 12,1,70,,1017,1,0,11 12,1,30,,1008,1,0,11 12,1,70,,1004,1,0,11 12,1,30,,1027,1,0,11 12,1,70,,1015,1,0,11 12,1
60300,'6',900,,1064,1,0,11 12,1,30,,1056,1,0,11 12,1,70,,1061,1,0,11 12,1,30,,1043,1,0,11 12,1,70,,1062,1,0,11 12,1,30,,1035,1,0,11 12,1,70,,1065,1,0,11 12,1,30,,1045,1,0,11 12,1,70,,1042,1,0,11 12,1,30,,1054,1,0,11 12,1,70,,1030,1,0,11 12,1,30,,1036,1,0,11 12,1,70,,1053,1,0,11 12,1,30,,1037,1,0,11 12,1,70,,1059,1,0,11 12,1,30,,1041,1,0,11 12,1,70,,1031,1,0,11 12,1,30,,1052,1,0,11 12,1,70,,1057,1,0,11 12,1,30,,1048,1,0,11 12,1,70,,1044,1,0,11 12,1,30,,1067,1,0,11 12,1,70,,1055,1,0,11 12,1
60300,'9',900,,1104,1,0,11 12,1,30,,1096,1,0,11 12,1,70,,1101,1,0,11 12,1,30,,1083,1,0,11 12,1,70,,1102,1,0,11 12,1,30,,1075,1,0,11 12,1,70,,1105,1,0,11 12,1,30,,1085,1,0,11 12,1,70,,1082,1,0,11 12,1,30,,1094,1,0,11 12,1,70,,1070,1,0,11 12,1,30,,1076,1,0,11 12,1,70,,1093,1,0,11 12,1,30,,1077,1,0,11 12,1,70,,1099,1,0,11 12,1,30,,1081,1,0,11 12,1,70,,1071,1,0,11 12,1,30,,1092,1,0,11 12,1,70,,1097,1,0,11 12,1,30,,1088,1,0,11 12,1,70,,1084,1,0,11 12,1,30,,1107,1,0,11 12,1,70,,1095,1,0,11 12,1
60301,'13',959,,1116,18,4,,1,70,,1132,18,4,,1,30,,1127,18,4,,1,70,,1124,18,4,,1,30,,1138,18,4,,1,70,,1117,18,4,,1,30,,1142,18,4,,1,70,,1143,18,4,,1,30,,1144,18,4,,1,70,,1131,18,4,,1,30,,1147,18,4,,1,70,,1128,18,4,,1,30,,1122,18,4,,1,70,,1120,18,4,,1,30,,1129,18,4,,1,70,,1135,18,4,,1,30,,1134,18,4,,1,65,,1109,18,4,,1,30,,1148,18,4,,1,70,,1140,18,4,,1,30,,1133,18,4,,1,70,,1113,18,4,,1,30,,1114,18,4,,1
60301,'6',959,,1156,18,4,,1,70,,1172,18,4,,1,30,,1167,18,4,,1,70,,1164,18,4,,1,30,,1178,18,4,,1,70,,1157,18,4,,1,30,,1182,18,4,,1,70,,1183,18,4,,1,30,,1184,18,4,,1,70,,1171,18,4,,1,30,,1187,18,4,,1,70,,1168,18,4,,1,30,,1162,18,4,,1,70,,1160,18,4,,1,30,,1169,18,4,,1,70,,1175,18,4,,1,30,,1174,18,4,,1,65,,1149,18,4,,1,30,,1188,18,4,,1,70,,1180,18,4,,1,30,,1173,18,4,,1,70,,1153,18,4,,1,30,,1154,18,4,,1
60301,'9',959,,1196,18,4,,1,70,,1212,18,4,,1,30,,1207,18,4,,1,70,,1204,18,4,,1,30,,1218,18,4,,1,70,,1197,18,4,,1,30,,1222,18,4,,1,70,,1223,18,4,,1,30,,1224,18,4,,1,70,,1211,18,4,,1,30,,1227,18,4,,1,70,,1208,18,4,,1,30,,1202,18,4,,1,70,,1200,18,4,,1,30,,1209,18,4,,1,70,,1215,18,4,,1,30,,1214,18,4,,1,65,,1189,18,4,,1,30,,1228,18,4,,1,70,,1220,18,4,,1,30,,1213,18,4,,1,70,,1193,18,4,,1,30,,1194,18,4,,1
