75100,'1',725,,7730,23,4,,1,100,,6780,23,4,,1,100,,7722,23,4,,1,100,,7733,23,4,,1,100,,7725,23,4,,1,100,,7729,23,4,,1,100,,7732,23,4,,1,100,,7727,23,4,,1,100,,7724,23,4,,1,100,,7734,23,4,,1,100,,7728,23,4,,1,100,,7735,23,4,,1,100,,7726,23,4,,1,100,,7737,23,4,,1,100,,7723,23,4,,1,100,,7736,23,4,,1,100,,7731,23,4,,1
75100,'11',725,,7747,23,4,,1,100,,7738,23,4,,1,100,,7739,23,4,,1,100,,7750,23,4,,1,100,,7742,23,4,,1,100,,7746,23,4,,1,100,,7749,23,4,,1,100,,7744,23,4,,1,100,,7741,23,4,,1,100,,7751,23,4,,1,100,,7745,23,4,,1,100,,7752,23,4,,1,100,,7743,23,4,,1,100,,7754,23,4,,1,100,,7740,23,4,,1,100,,7753,23,4,,1,100,,7748,23,4,,1
75100,'12',725,,7755,23,4,,1,100,,7766,23,4,,1,100,,7768,23,4,,1,100,,7757,23,4,,1,100,,7765,23,4,,1,100,,7756,23,4,,1,100,,7761,23,4,,1,100,,7759,23,4,,1,100,,7771,23,4,,1,100,,7762,23,4,,1,100,,7763,23,4,,1,100,,7758,23,4,,1,100,,7767,23,4,,1,100,,7770,23,4,,1,100,,7764,23,4,,1,100,,7769,23,4,,1,100,,7760,23,4,,1
75100,'13',725,,7772,23,4,,1,100,,7783,23,4,,1,100,,7785,23,4,,1,100,,7774,23,4,,1,100,,7782,23,4,,1,100,,7773,23,4,,1,100,,7778,23,4,,1,100,,7776,23,4,,1,100,,7788,23,4,,1,100,,7779,23,4,,1,100,,7780,23,4,,1,100,,7775,23,4,,1,100,,7784,23,4,,1,100,,7787,23,4,,1,100,,7781,23,4,,1,100,,7786,23,4,,1,100,,7777,23,4,,1
75100,'16',725,,7797,23,4,,1,100,,6814,23,4,,1,100,,7789,23,4,,1,100,,7800,23,4,,1,100,,7792,23,4,,1,100,,7796,23,4,,1,100,,7799,23,4,,1,100,,7794,23,4,,1,100,,7791,23,4,,1,100,,7801,23,4,,1,100,,7795,23,4,,1,100,,7802,23,4,,1,100,,7793,23,4,,1,100,,7804,23,4,,1,100,,7790,23,4,,1,100,,7803,23,4,,1,100,,7798,23,4,,1
75100,'3',725,,7805,23,4,,1,100,,7815,23,4,,1,100,,7817,23,4,,1,100,,5650,23,4,,1,100,,7814,23,4,,1,100,,7806,23,4,,1,100,,7810,23,4,,1,100,,7808,23,4,,1,100,,7820,23,4,,1,100,,7811,23,4,,1,100,,7812,23,4,,1,100,,7807,23,4,,1,100,,7816,23,4,,1,100,,7819,23,4,,1,100,,7813,23,4,,1,100,,7818,23,4,,1,100,,7809,23,4,,1
75100,'6',725,,7821,23,4,,1,100,,7832,23,4,,1,100,,7834,23,4,,1,100,,7823,23,4,,1,100,,7831,23,4,,1,100,,7822,23,4,,1,100,,7827,23,4,,1,100,,7825,23,4,,1,100,,7837,23,4,,1,100,,7828,23,4,,1,100,,7829,23,4,,1,100,,7824,23,4,,1,100,,7833,23,4,,1,100,,7836,23,4,,1,100,,7830,23,4,,1,100,,7835,23,4,,1,100,,7826,23,4,,1
75101,'1',726,,7849,1,0,17 18,1,100,,7845,1,0,17 18,1,100,,7847,1,0,17 18,1,100,,7848,1,0,17 18,1,100,,7854,1,0,17 18,1,100,,7841,1,0,17 18,1,100,,7840,1,0,17 18,1,100,,7844,1,0,17 18,1,100,,7853,1,0,17 18,1,100,,7843,1,0,17 18,1,100,,7852,1,0,17 18,1,100,,7851,1,0,17 18,1,100,,7846,1,0,17 18,1,100,,7839,1,0,17 18,1,100,,7842,1,0,17 18,1,100,,7850,1,0,17 18,1,100,,7838,1,0,17 18,1
75101,'11',726,,7866,1,0,17 18,1,100,,7862,1,0,17 18,1,100,,7864,1,0,17 18,1,100,,7865,1,0,17 18,1,100,,7871,1,0,17 18,1,100,,7858,1,0,17 18,1,100,,7857,1,0,17 18,1,100,,7861,1,0,17 18,1,100,,7870,1,0,17 18,1,100,,7860,1,0,17 18,1,100,,7869,1,0,17 18,1,100,,7868,1,0,17 18,1,100,,7863,1,0,17 18,1,100,,7856,1,0,17 18,1,100,,7859,1,0,17 18,1,100,,7867,1,0,17 18,1,100,,7855,1,0,17 18,1
75101,'12',726,,7886,1,0,17 18,1,100,,7883,1,0,17 18,1,100,,7873,1,0,17 18,1,100,,7872,1,0,17 18,1,100,,7885,1,0,17 18,1,100,,7887,1,0,17 18,1,100,,7880,1,0,17 18,1,100,,7882,1,0,17 18,1,100,,7884,1,0,17 18,1,100,,7876,1,0,17 18,1,100,,7875,1,0,17 18,1,100,,7874,1,0,17 18,1,100,,7878,1,0,17 18,1,100,,7879,1,0,17 18,1,100,,7888,1,0,17 18,1,100,,7877,1,0,17 18,1,100,,7881,1,0,17 18,1
75101,'13',726,,7903,1,0,17 18,1,100,,7900,1,0,17 18,1,100,,7890,1,0,17 18,1,100,,7889,1,0,17 18,1,100,,7902,1,0,17 18,1,100,,7904,1,0,17 18,1,100,,7897,1,0,17 18,1,100,,7899,1,0,17 18,1,100,,7901,1,0,17 18,1,100,,7893,1,0,17 18,1,100,,7892,1,0,17 18,1,100,,7891,1,0,17 18,1,100,,7895,1,0,17 18,1,100,,7896,1,0,17 18,1,100,,7905,1,0,17 18,1,100,,7894,1,0,17 18,1,100,,7898,1,0,17 18,1
75101,'16',726,,7917,1,0,17 18,1,100,,7913,1,0,17 18,1,100,,7915,1,0,17 18,1,100,,7916,1,0,17 18,1,100,,7922,1,0,17 18,1,100,,7909,1,0,17 18,1,100,,7908,1,0,17 18,1,100,,7912,1,0,17 18,1,100,,7921,1,0,17 18,1,100,,7911,1,0,17 18,1,100,,7920,1,0,17 18,1,100,,7919,1,0,17 18,1,100,,7914,1,0,17 18,1,100,,7907,1,0,17 18,1,100,,7910,1,0,17 18,1,100,,7918,1,0,17 18,1,100,,7906,1,0,17 18,1
75101,'3',726,,7937,1,0,17 18,1,100,,7934,1,0,17 18,1,100,,7924,1,0,17 18,1,100,,7923,1,0,17 18,1,100,,7936,1,0,17 18,1,100,,7938,1,0,17 18,1,100,,7931,1,0,17 18,1,100,,7933,1,0,17 18,1,100,,7935,1,0,17 18,1,100,,7927,1,0,17 18,1,100,,7926,1,0,17 18,1,100,,7925,1,0,17 18,1,100,,7929,1,0,17 18,1,100,,7930,1,0,17 18,1,100,,7939,1,0,17 18,1,100,,7928,1,0,17 18,1,100,,7932,1,0,17 18,1
75101,'6',726,,7954,1,0,17 18,1,100,,7951,1,0,17 18,1,100,,7941,1,0,17 18,1,100,,7940,1,0,17 18,1,100,,7953,1,0,17 18,1,100,,7955,1,0,17 18,1,100,,7948,1,0,17 18,1,100,,7950,1,0,17 18,1,100,,7952,1,0,17 18,1,100,,7944,1,0,17 18,1,100,,7943,1,0,17 18,1,100,,7942,1,0,17 18,1,100,,7946,1,0,17 18,1,100,,7947,1,0,17 18,1,100,,7956,1,0,17 18,1,100,,7945,1,0,17 18,1,100,,7949,1,0,17 18,1
