60200,'11',911,,2109,9,,,1,100,,2106,9,,,1,100,,2114,9,,,1,100,,2110,9,,,1,100,,2113,9,,,1,100,,2108,9,,,1,100,,2112,9,,,1,100,,2116,9,,,1,100,,2115,9,,,1,100,,2111,9,,,1,100,,2107,9,,,1,100,,2117,9,,,1
60200,'14',911,,2138,9,,,1,30,,898,9,,,1,70,,2120,9,,,1,30,,2136,9,,,1,70,,2123,9,,,1,30,,2118,9,,,1,70,,2122,9,,,1,30,,2137,9,,,1,70,,2130,9,,,1,30,,2125,9,,,1,70,,2127,9,,,1,30,,2128,9,,,1,70,,2135,9,,,1,30,,2119,9,,,1,70,,2132,9,,,1,30,,2134,9,,,1,70,,468,9,,,1,30,,2129,9,,,1,70,,2126,9,,,1,30,,2124,9,,,1,70,,2133,9,,,1,30,,2121,9,,,1,70,,2131,9,,,1
60200,'18',911,,2142,9,,,1,100,,2139,9,,,1,100,,2147,9,,,1,100,,2143,9,,,1,100,,2146,9,,,1,100,,2141,9,,,1,100,,2145,9,,,1,100,,2149,9,,,1,100,,2148,9,,,1,100,,2144,9,,,1,100,,2140,9,,,1,100,,2150,9,,,1
60200,'20',911,,2171,9,,,1,30,,2165,9,,,1,70,,2152,9,,,1,30,,2169,9,,,1,70,,2155,9,,,1,30,,2151,9,,,1,70,,2154,9,,,1,30,,2170,9,,,1,70,,2163,9,,,1,30,,2157,9,,,1,70,,2159,9,,,1,30,,2161,9,,,1,70,,2168,9,,,1,30,,372,9,,,1,70,,2166,9,,,1,30,,697,9,,,1,70,,2160,9,,,1,30,,2162,9,,,1,70,,2158,9,,,1,30,,2156,9,,,1,70,,2167,9,,,1,30,,2153,9,,,1,70,,2164,9,,,1
60200,'4',911,,2194,9,,,1,30,,2187,9,,,1,70,,2174,9,,,1,30,,2192,9,,,1,70,,2177,9,,,1,30,,2172,9,,,1,70,,2176,9,,,1,30,,2193,9,,,1,70,,2185,9,,,1,30,,2179,9,,,1,70,,2181,9,,,1,30,,2183,9,,,1,70,,2191,9,,,1,30,,2173,9,,,1,70,,2188,9,,,1,30,,2190,9,,,1,70,,2182,9,,,1,30,,2184,9,,,1,70,,2180,9,,,1,30,,2178,9,,,1,70,,2189,9,,,1,30,,2175,9,,,1,70,,2186,9,,,1
60200,'8',911,,2198,9,,,1,100,,2195,9,,,1,100,,2203,9,,,1,100,,2199,9,,,1,100,,2202,9,,,1,100,,2197,9,,,1,100,,2201,9,,,1,100,,2205,9,,,1,100,,2204,9,,,1,100,,2200,9,,,1,100,,2196,9,,,1,100,,2206,9,,,1
60300,'11',913,,2332,9,,,1,30,,2335,9,,,1,70,,2313,9,,,1,30,,2312,9,,,1,70,,2315,9,,,1,30,,2321,9,,,1,70,,2316,9,,,1,30,,2329,9,,,1,70,,2326,9,,,1,30,,2319,9,,,1,70,,2324,9,,,1,30,,2327,9,,,1,70,,2310,9,,,1,30,,2342,9,,,1,70,,2311,9,,,1,30,,2325,9,,,1,70,,2337,9,,,1,30,,2339,9,,,1,70,,2314,9,,,1,30,,2322,9,,,1,70,,2340,9,,,1,30,,2317,9,,,1,70,,2309,9,,,1
60300,'14',912,,2416,9,,,1,15,,2395,9,,,1,15,,2374,9,,,1,15,,2368,9,,,1,55,,2387,9,,,1,15,,2388,9,,,1,15,,2397,9,,,1,15,,2373,9,,,1,55,,2367,9,,,1,15,,2420,9,,,1,15,,2375,9,,,1,15,,2356,9,,,1,55,,2381,9,,,1,15,,2378,9,,,1,15,,2410,9,,,1,15,,2382,9,,,1,55,,2405,9,,,1,15,,2353,9,,,1,15,,2412,9,,,1,15,,2407,9,,,1,55,,2383,9,,,1,15,,2352,9,,,1,15,,2418,9,,,1,15,,2422,9,,,1,55,,2366,9,,,1,15,,2377,9,,,1,15,,2365,9,,,1,15,,2396,9,,,1,55,,2406,9,,,1,15,,2354,9,,,1,15,,2349,9,,,1,15,,2423,9,,,1,55,,2379,9,,,1,15,,2415,9,,,1,15,,2390,9,,,1,15,,2393,9,,,1,55,,2394,9,,,1,30,,2370,9,,,1,70,,2369,9,,,1,30,,2359,9,,,1,70,,2401,9,,,1
60300,'18',913,,2450,9,,,1,30,,2453,9,,,1,70,,2431,9,,,1,30,,2430,9,,,1,70,,2433,9,,,1,30,,2439,9,,,1,70,,2434,9,,,1,30,,2447,9,,,1,70,,2444,9,,,1,30,,2437,9,,,1,70,,2442,9,,,1,30,,2445,9,,,1,70,,2428,9,,,1,30,,2460,9,,,1,70,,2429,9,,,1,30,,2443,9,,,1,70,,2455,9,,,1,30,,2457,9,,,1,70,,2432,9,,,1,30,,2440,9,,,1,70,,2458,9,,,1,30,,2435,9,,,1,70,,2427,9,,,1
60300,'20',912,,2530,9,,,1,15,,2511,9,,,1,15,,2491,9,,,1,15,,2485,9,,,1,55,,2503,9,,,1,15,,2504,9,,,1,15,,2513,9,,,1,15,,2490,9,,,1,55,,2484,9,,,1,15,,2534,9,,,1,15,,2492,9,,,1,15,,2474,9,,,1,55,,2498,9,,,1,15,,2495,9,,,1,15,,2524,9,,,1,15,,440,9,,,1,55,,2520,9,,,1,15,,2471,9,,,1,15,,2526,9,,,1,15,,882,9,,,1,55,,2499,9,,,1,15,,2470,9,,,1,15,,2532,9,,,1,15,,2536,9,,,1,55,,2483,9,,,1,15,,2494,9,,,1,15,,2482,9,,,1,15,,2512,9,,,1,55,,2521,9,,,1,15,,2472,9,,,1,15,,2467,9,,,1,15,,2537,9,,,1,55,,2496,9,,,1,15,,2529,9,,,1,15,,2506,9,,,1,15,,2509,9,,,1,55,,2510,9,,,1,30,,2487,9,,,1,70,,2486,9,,,1,30,,2477,9,,,1,70,,2517,9,,,1
60300,'4',912,,2608,9,,,1,15,,2587,9,,,1,15,,2566,9,,,1,15,,2560,9,,,1,55,,2579,9,,,1,15,,2580,9,,,1,15,,2589,9,,,1,15,,2565,9,,,1,55,,2559,9,,,1,15,,2612,9,,,1,15,,2567,9,,,1,15,,2548,9,,,1,55,,2573,9,,,1,15,,2570,9,,,1,15,,2602,9,,,1,15,,2574,9,,,1,55,,2597,9,,,1,15,,2545,9,,,1,15,,2604,9,,,1,15,,2599,9,,,1,55,,2575,9,,,1,15,,2544,9,,,1,15,,2610,9,,,1,15,,2614,9,,,1,55,,2558,9,,,1,15,,2569,9,,,1,15,,2557,9,,,1,15,,2588,9,,,1,55,,2598,9,,,1,15,,2546,9,,,1,15,,2541,9,,,1,15,,2615,9,,,1,55,,2571,9,,,1,15,,2607,9,,,1,15,,2582,9,,,1,15,,2585,9,,,1,55,,2586,9,,,1,30,,2562,9,,,1,70,,2561,9,,,1,30,,2551,9,,,1,70,,2593,9,,,1
60300,'8',913,,2642,9,,,1,30,,2645,9,,,1,70,,2623,9,,,1,30,,2622,9,,,1,70,,2625,9,,,1,30,,2631,9,,,1,70,,2626,9,,,1,30,,2639,9,,,1,70,,2636,9,,,1,30,,2629,9,,,1,70,,2634,9,,,1,30,,2637,9,,,1,70,,2620,9,,,1,30,,2652,9,,,1,70,,2621,9,,,1,30,,2635,9,,,1,70,,2647,9,,,1,30,,2649,9,,,1,70,,2624,9,,,1,30,,2632,9,,,1,70,,2650,9,,,1,30,,2627,9,,,1,70,,2619,9,,,1
