60300,'11',930,,2308,4,4,,1,70,,2346,4,4,,1,30,,2318,4,4,,1,70,,2320,4,4,,1,30,,2331,4,4,,1,70,,2307,4,4,,1,30,,2341,4,4,,1,70,,2343,4,4,,1,30,,2336,4,4,,1,70,,2333,4,4,,1,30,,2334,4,4,,1,70,,2338,4,4,,1,30,,2330,4,4,,1,70,,2345,4,4,,1,30,,2323,4,4,,1,70,,2328,4,4,,1,30,,2344,4,4,,1
60300,'14',938,,2402,4,0,11 12,1,15,,2409,4,0,11 12,1,55,,2350,4,0,11 12,1,15,,2421,4,0,11 12,1,15,,2413,4,0,11 12,1,15,,2372,4,0,11 12,1,55,,2351,4,0,11 12,1,15,,2384,4,0,11 12,1,15,,2389,4,0,11 12,1,15,,2399,4,0,11 12,1,55,,2392,4,0,11 12,1,15,,2364,4,0,11 12,1,15,,2386,4,0,11 12,1,15,,2400,4,0,11 12,1,55,,2361,4,0,11 12,1,15,,2380,4,0,11 12,1,15,,2424,4,0,11 12,1,15,,2404,4,0,11 12,1,55,,2403,4,0,11 12,1,15,,2385,4,0,11 12,1,15,,2360,4,0,11 12,1,15,,2391,4,0,11 12,1,55,,2362,4,0,11 12,1,15,,2363,4,0,11 12,1,15,,2355,4,0,11 12,1,15,,2358,4,0,11 12,1,55,,2408,4,0,11 12,1,15,,2347,4,0,11 12,1,15,,2414,4,0,11 12,1,15,,2419,4,0,11 12,1,55,,2357,4,0,11 12,1,15,,2417,4,0,11 12,1,15,,2398,4,0,11 12,1,15,,2348,4,0,11 12,1,55,,2376,4,0,11 12,1,15,,2411,4,0,11 12,1,15,,2371,4,0,11 12,1
60300,'18',930,,2426,4,4,,1,70,,2464,4,4,,1,30,,2436,4,4,,1,70,,2438,4,4,,1,30,,2449,4,4,,1,70,,2425,4,4,,1,30,,2459,4,4,,1,70,,2461,4,4,,1,30,,2454,4,4,,1,70,,2451,4,4,,1,30,,2452,4,4,,1,70,,2456,4,4,,1,30,,2448,4,4,,1,70,,2463,4,4,,1,30,,2441,4,4,,1,70,,2446,4,4,,1,30,,2462,4,4,,1
60300,'20',938,,2518,4,0,11 12,1,15,,2523,4,0,11 12,1,55,,2468,4,0,11 12,1,15,,2535,4,0,11 12,1,15,,2527,4,0,11 12,1,15,,2489,4,0,11 12,1,55,,2469,4,0,11 12,1,15,,2500,4,0,11 12,1,15,,2505,4,0,11 12,1,15,,2515,4,0,11 12,1,55,,2508,4,0,11 12,1,15,,2481,4,0,11 12,1,15,,2502,4,0,11 12,1,15,,2516,4,0,11 12,1,55,,2478,4,0,11 12,1,15,,2497,4,0,11 12,1,15,,2538,4,0,11 12,1,15,,2519,4,0,11 12,1,55,,755,4,0,11 12,1,15,,2501,4,0,11 12,1,15,,560,4,0,11 12,1,15,,2507,4,0,11 12,1,55,,2479,4,0,11 12,1,15,,2480,4,0,11 12,1,15,,2473,4,0,11 12,1,15,,2476,4,0,11 12,1,55,,2522,4,0,11 12,1,15,,2465,4,0,11 12,1,15,,2528,4,0,11 12,1,15,,2533,4,0,11 12,1,55,,2475,4,0,11 12,1,15,,2531,4,0,11 12,1,15,,2514,4,0,11 12,1,15,,2466,4,0,11 12,1,55,,2493,4,0,11 12,1,15,,2525,4,0,11 12,1,15,,2488,4,0,11 12,1
60300,'4',938,,2594,4,0,11 12,1,15,,2601,4,0,11 12,1,55,,2542,4,0,11 12,1,15,,2613,4,0,11 12,1,15,,2605,4,0,11 12,1,15,,2564,4,0,11 12,1,55,,2543,4,0,11 12,1,15,,2576,4,0,11 12,1,15,,2581,4,0,11 12,1,15,,2591,4,0,11 12,1,55,,2584,4,0,11 12,1,15,,2556,4,0,11 12,1,15,,2578,4,0,11 12,1,15,,2592,4,0,11 12,1,55,,2553,4,0,11 12,1,15,,2572,4,0,11 12,1,15,,2616,4,0,11 12,1,15,,2596,4,0,11 12,1,55,,2595,4,0,11 12,1,15,,2577,4,0,11 12,1,15,,2552,4,0,11 12,1,15,,2583,4,0,11 12,1,55,,2554,4,0,11 12,1,15,,2555,4,0,11 12,1,15,,2547,4,0,11 12,1,15,,2550,4,0,11 12,1,55,,2600,4,0,11 12,1,15,,2539,4,0,11 12,1,15,,2606,4,0,11 12,1,15,,2611,4,0,11 12,1,55,,2549,4,0,11 12,1,15,,2609,4,0,11 12,1,15,,2590,4,0,11 12,1,15,,2540,4,0,11 12,1,55,,2568,4,0,11 12,1,15,,2603,4,0,11 12,1,15,,2563,4,0,11 12,1
60300,'8',930,,2618,4,4,,1,70,,2656,4,4,,1,30,,2628,4,4,,1,70,,2630,4,4,,1,30,,2641,4,4,,1,70,,2617,4,4,,1,30,,2651,4,4,,1,70,,2653,4,4,,1,30,,2646,4,4,,1,70,,2643,4,4,,1,30,,2644,4,4,,1,70,,2648,4,4,,1,30,,2640,4,4,,1,70,,2655,4,4,,1,30,,2633,4,4,,1,70,,2638,4,4,,1,30,,2654,4,4,,1
60301,'11',930,,2674,1,0,11 14,1,70,,2667,1,0,11 14,1,30,,2694,1,0,11 14,1,70,,2676,1,0,11 14,1,30,,2672,1,0,11 14,1,70,,2696,1,0,11 14,1,30,,2682,1,0,11 14,1,70,,2695,1,0,11 14,1,30,,2663,1,0,11 14,1,70,,2689,1,0,11 14,1,30,,2658,1,0,11 14,1,70,,2675,1,0,11 14,1,30,,2686,1,0,11 14,1,70,,2679,1,0,11 14,1,30,,2657,1,0,11 14,1,70,,2683,1,0,11 14,1,30,,2691,1,0,11 14,1
60301,'14',952,,2706,3,0,11 14,1,55,,2715,3,0,11 14,1,15,,2739,3,0,11 14,1,15,,2727,3,0,11 14,1,15,,2755,3,0,11 14,1,55,,2732,3,0,11 14,1,15,,2735,3,0,11 14,1,15,,2749,3,0,11 14,1,15,,2770,3,0,11 14,1,55,,2747,3,0,11 14,1,15,,2753,3,0,11 14,1,15,,582,3,0,11 14,1,15,,2707,3,0,11 14,1,55,,2731,3,0,11 14,1,15,,2762,3,0,11 14,1,15,,2760,3,0,11 14,1,15,,2766,3,0,11 14,1,55,,2704,3,0,11 14,1,15,,2746,3,0,11 14,1,15,,894,3,0,11 14,1,15,,2761,3,0,11 14,1,55,,2713,3,0,11 14,1,15,,2722,3,0,11 14,1,15,,2710,3,0,11 14,1,15,,2748,3,0,11 14,1,55,,2767,3,0,11 14,1,15,,2729,3,0,11 14,1,15,,2769,3,0,11 14,1,15,,2702,3,0,11 14,1,55,,2709,3,0,11 14,1,15,,2703,3,0,11 14,1,15,,2697,3,0,11 14,1,15,,2744,3,0,11 14,1,55,,2728,3,0,11 14,1,15,,2701,3,0,11 14,1,15,,2724,3,0,11 14,1,15,,2759,3,0,11 14,1
60301,'18',930,,2789,1,0,11 14,1,70,,2782,1,0,11 14,1,30,,2809,1,0,11 14,1,70,,2791,1,0,11 14,1,30,,2787,1,0,11 14,1,70,,2811,1,0,11 14,1,30,,2797,1,0,11 14,1,70,,2810,1,0,11 14,1,30,,2778,1,0,11 14,1,70,,2804,1,0,11 14,1,30,,2773,1,0,11 14,1,70,,2790,1,0,11 14,1,30,,2801,1,0,11 14,1,70,,2794,1,0,11 14,1,30,,2772,1,0,11 14,1,70,,2798,1,0,11 14,1,30,,2806,1,0,11 14,1
60301,'20',952,,2820,3,0,11 14,1,55,,2830,3,0,11 14,1,15,,2855,3,0,11 14,1,15,,2843,3,0,11 14,1,15,,2872,3,0,11 14,1,55,,2848,3,0,11 14,1,15,,2851,3,0,11 14,1,15,,2866,3,0,11 14,1,15,,2887,3,0,11 14,1,55,,2863,3,0,11 14,1,15,,2870,3,0,11 14,1,15,,2823,3,0,11 14,1,15,,2821,3,0,11 14,1,55,,2847,3,0,11 14,1,15,,2879,3,0,11 14,1,15,,2877,3,0,11 14,1,15,,2883,3,0,11 14,1,55,,2818,3,0,11 14,1,15,,2862,3,0,11 14,1,15,,2840,3,0,11 14,1,15,,2878,3,0,11 14,1,55,,2828,3,0,11 14,1,15,,2837,3,0,11 14,1,15,,2825,3,0,11 14,1,15,,2865,3,0,11 14,1,55,,2884,3,0,11 14,1,15,,2845,3,0,11 14,1,15,,2886,3,0,11 14,1,15,,2817,3,0,11 14,1,55,,2824,3,0,11 14,1,15,,374,3,0,11 14,1,15,,2812,3,0,11 14,1,15,,2860,3,0,11 14,1,55,,2844,3,0,11 14,1,15,,2816,3,0,11 14,1,15,,2839,3,0,11 14,1,15,,2876,3,0,11 14,1
60301,'4',952,,2898,3,0,11 14,1,55,,2908,3,0,11 14,1,15,,2933,3,0,11 14,1,15,,2921,3,0,11 14,1,15,,2950,3,0,11 14,1,55,,2926,3,0,11 14,1,15,,2929,3,0,11 14,1,15,,2944,3,0,11 14,1,15,,2965,3,0,11 14,1,55,,2941,3,0,11 14,1,15,,2948,3,0,11 14,1,15,,2901,3,0,11 14,1,15,,2899,3,0,11 14,1,55,,2925,3,0,11 14,1,15,,2957,3,0,11 14,1,15,,2955,3,0,11 14,1,15,,2961,3,0,11 14,1,55,,2896,3,0,11 14,1,15,,2940,3,0,11 14,1,15,,2918,3,0,11 14,1,15,,2956,3,0,11 14,1,55,,2906,3,0,11 14,1,15,,2915,3,0,11 14,1,15,,2903,3,0,11 14,1,15,,2943,3,0,11 14,1,55,,2962,3,0,11 14,1,15,,2923,3,0,11 14,1,15,,2964,3,0,11 14,1,15,,2894,3,0,11 14,1,55,,2902,3,0,11 14,1,15,,2895,3,0,11 14,1,15,,2889,3,0,11 14,1,15,,2938,3,0,11 14,1,55,,2922,3,0,11 14,1,15,,2893,3,0,11 14,1,15,,2917,3,0,11 14,1,15,,2954,3,0,11 14,1
60301,'8',930,,2984,1,0,11 14,1,70,,2977,1,0,11 14,1,30,,3004,1,0,11 14,1,70,,2986,1,0,11 14,1,30,,2982,1,0,11 14,1,70,,3006,1,0,11 14,1,30,,2992,1,0,11 14,1,70,,3005,1,0,11 14,1,30,,2973,1,0,11 14,1,70,,2999,1,0,11 14,1,30,,2968,1,0,11 14,1,70,,2985,1,0,11 14,1,30,,2996,1,0,11 14,1,70,,2989,1,0,11 14,1,30,,2967,1,0,11 14,1,70,,2993,1,0,11 14,1,30,,3001,1,0,11 14,1
