75100,'1',718,,7730,17,,,1,100,,6780,17,,,1,100,,7722,17,,,1,100,,7733,17,,,1,100,,7725,17,,,1,100,,7729,17,,,1,100,,7732,17,,,1,100,,7727,17,,,1,100,,7724,17,,,1,100,,7734,17,,,1,100,,7728,17,,,1,100,,7735,17,,,1,100,,7726,17,,,1,100,,7737,17,,,1,100,,7723,17,,,1,100,,7736,17,,,1,100,,7731,17,,,1
75100,'11',718,,7747,17,,,1,100,,7738,17,,,1,100,,7739,17,,,1,100,,7750,17,,,1,100,,7742,17,,,1,100,,7746,17,,,1,100,,7749,17,,,1,100,,7744,17,,,1,100,,7741,17,,,1,100,,7751,17,,,1,100,,7745,17,,,1,100,,7752,17,,,1,100,,7743,17,,,1,100,,7754,17,,,1,100,,7740,17,,,1,100,,7753,17,,,1,100,,7748,17,,,1
75100,'12',718,,7755,17,,,1,100,,7766,17,,,1,100,,7768,17,,,1,100,,7757,17,,,1,100,,7765,17,,,1,100,,7756,17,,,1,100,,7761,17,,,1,100,,7759,17,,,1,100,,7771,17,,,1,100,,7762,17,,,1,100,,7763,17,,,1,100,,7758,17,,,1,100,,7767,17,,,1,100,,7770,17,,,1,100,,7764,17,,,1,100,,7769,17,,,1,100,,7760,17,,,1
75100,'13',718,,7772,17,,,1,100,,7783,17,,,1,100,,7785,17,,,1,100,,7774,17,,,1,100,,7782,17,,,1,100,,7773,17,,,1,100,,7778,17,,,1,100,,7776,17,,,1,100,,7788,17,,,1,100,,7779,17,,,1,100,,7780,17,,,1,100,,7775,17,,,1,100,,7784,17,,,1,100,,7787,17,,,1,100,,7781,17,,,1,100,,7786,17,,,1,100,,7777,17,,,1
75100,'16',718,,7797,17,,,1,100,,6814,17,,,1,100,,7789,17,,,1,100,,7800,17,,,1,100,,7792,17,,,1,100,,7796,17,,,1,100,,7799,17,,,1,100,,7794,17,,,1,100,,7791,17,,,1,100,,7801,17,,,1,100,,7795,17,,,1,100,,7802,17,,,1,100,,7793,17,,,1,100,,7804,17,,,1,100,,7790,17,,,1,100,,7803,17,,,1,100,,7798,17,,,1
75100,'3',718,,7805,17,,,1,100,,7815,17,,,1,100,,7817,17,,,1,100,,5650,17,,,1,100,,7814,17,,,1,100,,7806,17,,,1,100,,7810,17,,,1,100,,7808,17,,,1,100,,7820,17,,,1,100,,7811,17,,,1,100,,7812,17,,,1,100,,7807,17,,,1,100,,7816,17,,,1,100,,7819,17,,,1,100,,7813,17,,,1,100,,7818,17,,,1,100,,7809,17,,,1
75100,'6',718,,7821,17,,,1,100,,7832,17,,,1,100,,7834,17,,,1,100,,7823,17,,,1,100,,7831,17,,,1,100,,7822,17,,,1,100,,7827,17,,,1,100,,7825,17,,,1,100,,7837,17,,,1,100,,7828,17,,,1,100,,7829,17,,,1,100,,7824,17,,,1,100,,7833,17,,,1,100,,7836,17,,,1,100,,7830,17,,,1,100,,7835,17,,,1,100,,7826,17,,,1
75101,'1',740,,7849,13,0,17 18,1,100,,7845,13,0,17 18,1,100,,7847,13,0,17 18,1,100,,7848,13,0,17 18,1,100,,7854,13,0,17 18,1,100,,7841,13,0,17 18,1,100,,7840,13,0,17 18,1,100,,7844,13,0,17 18,1,100,,7853,13,0,17 18,1,100,,7843,13,0,17 18,1,100,,7852,13,0,17 18,1,100,,7851,13,0,17 18,1,100,,7846,13,0,17 18,1,100,,7839,13,0,17 18,1,100,,7842,13,0,17 18,1,100,,7850,13,0,17 18,1,100,,7838,13,0,17 18,1
75101,'11',740,,7866,13,0,17 18,1,100,,7862,13,0,17 18,1,100,,7864,13,0,17 18,1,100,,7865,13,0,17 18,1,100,,7871,13,0,17 18,1,100,,7858,13,0,17 18,1,100,,7857,13,0,17 18,1,100,,7861,13,0,17 18,1,100,,7870,13,0,17 18,1,100,,7860,13,0,17 18,1,100,,7869,13,0,17 18,1,100,,7868,13,0,17 18,1,100,,7863,13,0,17 18,1,100,,7856,13,0,17 18,1,100,,7859,13,0,17 18,1,100,,7867,13,0,17 18,1,100,,7855,13,0,17 18,1
75101,'12',740,,7886,13,0,17 18,1,100,,7883,13,0,17 18,1,100,,7873,13,0,17 18,1,100,,7872,13,0,17 18,1,100,,7885,13,0,17 18,1,100,,7887,13,0,17 18,1,100,,7880,13,0,17 18,1,100,,7882,13,0,17 18,1,100,,7884,13,0,17 18,1,100,,7876,13,0,17 18,1,100,,7875,13,0,17 18,1,100,,7874,13,0,17 18,1,100,,7878,13,0,17 18,1,100,,7879,13,0,17 18,1,100,,7888,13,0,17 18,1,100,,7877,13,0,17 18,1,100,,7881,13,0,17 18,1
75101,'13',740,,7903,13,0,17 18,1,100,,7900,13,0,17 18,1,100,,7890,13,0,17 18,1,100,,7889,13,0,17 18,1,100,,7902,13,0,17 18,1,100,,7904,13,0,17 18,1,100,,7897,13,0,17 18,1,100,,7899,13,0,17 18,1,100,,7901,13,0,17 18,1,100,,7893,13,0,17 18,1,100,,7892,13,0,17 18,1,100,,7891,13,0,17 18,1,100,,7895,13,0,17 18,1,100,,7896,13,0,17 18,1,100,,7905,13,0,17 18,1,100,,7894,13,0,17 18,1,100,,7898,13,0,17 18,1
75101,'16',740,,7917,13,0,17 18,1,100,,7913,13,0,17 18,1,100,,7915,13,0,17 18,1,100,,7916,13,0,17 18,1,100,,7922,13,0,17 18,1,100,,7909,13,0,17 18,1,100,,7908,13,0,17 18,1,100,,7912,13,0,17 18,1,100,,7921,13,0,17 18,1,100,,7911,13,0,17 18,1,100,,7920,13,0,17 18,1,100,,7919,13,0,17 18,1,100,,7914,13,0,17 18,1,100,,7907,13,0,17 18,1,100,,7910,13,0,17 18,1,100,,7918,13,0,17 18,1,100,,7906,13,0,17 18,1
75101,'3',740,,7937,13,0,17 18,1,100,,7934,13,0,17 18,1,100,,7924,13,0,17 18,1,100,,7923,13,0,17 18,1,100,,7936,13,0,17 18,1,100,,7938,13,0,17 18,1,100,,7931,13,0,17 18,1,100,,7933,13,0,17 18,1,100,,7935,13,0,17 18,1,100,,7927,13,0,17 18,1,100,,7926,13,0,17 18,1,100,,7925,13,0,17 18,1,100,,7929,13,0,17 18,1,100,,7930,13,0,17 18,1,100,,7939,13,0,17 18,1,100,,7928,13,0,17 18,1,100,,7932,13,0,17 18,1
75101,'6',740,,7954,13,0,17 18,1,100,,7951,13,0,17 18,1,100,,7941,13,0,17 18,1,100,,7940,13,0,17 18,1,100,,7953,13,0,17 18,1,100,,7955,13,0,17 18,1,100,,7948,13,0,17 18,1,100,,7950,13,0,17 18,1,100,,7952,13,0,17 18,1,100,,7944,13,0,17 18,1,100,,7943,13,0,17 18,1,100,,7942,13,0,17 18,1,100,,7946,13,0,17 18,1,100,,7947,13,0,17 18,1,100,,7956,13,0,17 18,1,100,,7945,13,0,17 18,1,100,,7949,13,0,17 18,1
