50100,'2',600,,6852,1,,,1,30,,6857,1,,,1,70,,6848,1,,,1,30,,6851,1,,,1,70,,6845,1,,,1,30,,6866,1,,,1,70,,6846,1,,,1,30,,6867,1,,,1,70,,6859,1,,,1,30,,6849,1,,,1,70,,6863,1,,,1,30,,6858,1,,,1,70,,6843,1,,,1,30,,6862,1,,,1,70,,6869,1,,,1,30,,6865,1,,,1,70,,6853,1,,,1,30,,6844,1,,,1,70,,6854,1,,,1,30,,6870,1,,,1,70,,6856,1,,,1,30,,6847,1,,,1,70,,6861,1,,,1,30,,6850,1,,,1,100,,6860,1,,,1,100,,6868,1,,,1,100,,6855,1,,,1,100,,6842,1,,,1,100,,6864,1,,,1
50100,'4',630,,6878,1,,,1,100,,6882,1,,,1,100,,6872,1,,,1,100,,6874,1,,,1,100,,6880,1,,,1,100,,6876,1,,,1,100,,6886,1,,,1,100,,6884,1,,,1,100,,6883,1,,,1,100,,6875,1,,,1,100,,6873,1,,,1,100,,6877,1,,,1,100,,6879,1,,,1,100,,6885,1,,,1,100,,6871,1,,,1,100,,6881,1,,,1
50100,'5',1030,,6890,1,,,1,100,,6889,1,,,1,100,,6891,1,,,1,100,,6888,1,,,1,100,,6892,1,,,1,100,,6894,1,,,1,100,,6893,1,,,1,100,,6887,1,,,1
50101,'2',625,,5161,10,4,,1,30,,6898,10,4,,1,70,,6906,10,4,,1,30,,6909,10,4,,1,70,,5432,10,4,,1,30,,6900,10,4,,1,70,,5221,10,4,,1,30,,6896,10,4,,1,70,,6899,10,4,,1,30,,6911,10,4,,1,70,,6910,10,4,,1,30,,6897,10,4,,1,70,,6907,10,4,,1,30,,6905,10,4,,1,70,,6919,10,4,,1,30,,6901,10,4,,1,70,,6912,10,4,,1,30,,6917,10,4,,1,70,,6916,10,4,,1,30,,6915,10,4,,1,70,,5656,10,4,,1,30,,6908,10,4,,1,70,,6913,10,4,,1,30,,6902,10,4,,1,100,,6914,10,4,,1,100,,6895,10,4,,1,100,,6904,10,4,,1,100,,6918,10,4,,1,100,,6903,10,4,,1
50101,'4',655,,6931,10,4,,1,100,,6927,10,4,,1,100,,5190,10,4,,1,100,,6923,10,4,,1,100,,6922,10,4,,1,100,,6933,10,4,,1,100,,6926,10,4,,1,100,,6925,10,4,,1,100,,6921,10,4,,1,100,,6924,10,4,,1,100,,6932,10,4,,1,100,,6920,10,4,,1,100,,6928,10,4,,1,100,,6930,10,4,,1,100,,5089,10,4,,1,100,,6929,10,4,,1
50101,'5',1055,,6940,10,4,,1,100,,6938,10,4,,1,100,,6939,10,4,,1,100,,6934,10,4,,1,100,,6935,10,4,,1,100,,6936,10,4,,1,100,,6941,10,4,,1,100,,6937,10,4,,1
50200,'2',600,,6949,1,0,11 6,1,30,,6961,1,0,11 6,1,70,,6960,1,0,11 6,1,30,,6965,1,0,11 6,1,70,,6947,1,0,11 6,1,30,,6945,1,0,11 6,1,70,,6944,1,0,11 6,1,30,,6955,1,0,11 6,1,70,,6962,1,0,11 6,1,30,,6946,1,0,11 6,1,70,,6942,1,0,11 6,1,30,,4973,1,0,11 6,1,70,,6953,1,0,11 6,1,30,,6948,1,0,11 6,1,70,,6950,1,0,11 6,1,30,,6959,1,0,11 6,1,70,,6967,1,0,11 6,1,30,,6954,1,0,11 6,1,70,,6968,1,0,11 6,1,30,,6966,1,0,11 6,1,70,,6963,1,0,11 6,1,30,,6943,1,0,11 6,1,70,,6958,1,0,11 6,1,30,,6956,1,0,11 6,1,100,,6952,1,0,11 6,1,100,,5551,1,0,11 6,1,100,,6951,1,0,11 6,1,100,,6957,1,0,11 6,1,100,,6964,1,0,11 6,1
50200,'4',630,,6972,1,0,11 6,1,100,,6984,1,0,11 6,1,100,,6977,1,0,11 6,1,100,,6973,1,0,11 6,1,100,,6981,1,0,11 6,1,100,,6983,1,0,11 6,1,100,,6974,1,0,11 6,1,100,,6970,1,0,11 6,1,100,,6982,1,0,11 6,1,100,,6978,1,0,11 6,1,100,,6979,1,0,11 6,1,100,,6975,1,0,11 6,1,100,,6971,1,0,11 6,1,100,,6976,1,0,11 6,1,100,,6980,1,0,11 6,1,100,,6969,1,0,11 6,1
50200,'5',1030,,6989,1,0,11 6,1,100,,6988,1,0,11 6,1,100,,6987,1,0,11 6,1,100,,6990,1,0,11 6,1,100,,6985,1,0,11 6,1,100,,6986,1,0,11 6,1,100,,6992,1,0,11 6,1,100,,6991,1,0,11 6,1
50201,'2',625,,6999,14,4,,1,30,,7014,14,4,,1,70,,7018,14,4,,1,30,,6996,14,4,,1,70,,7012,14,4,,1,30,,7021,14,4,,1,70,,7011,14,4,,1,30,,6995,14,4,,1,70,,7010,14,4,,1,30,,7016,14,4,,1,70,,6998,14,4,,1,30,,7013,14,4,,1,70,,7001,14,4,,1,30,,7005,14,4,,1,70,,7009,14,4,,1,30,,7017,14,4,,1,70,,7020,14,4,,1,30,,7019,14,4,,1,70,,7000,14,4,,1,30,,7002,14,4,,1,70,,7007,14,4,,1,30,,6997,14,4,,1,70,,7004,14,4,,1,30,,7006,14,4,,1,99,,7003,14,4,,1,100,,6993,14,4,,1,100,,7015,14,4,,1,100,,6994,14,4,,1,100,,7008,14,4,,1
50201,'4',655,,7032,14,4,,1,100,,7030,14,4,,1,100,,7023,14,4,,1,100,,7022,14,4,,1,100,,7036,14,4,,1,100,,7026,14,4,,1,100,,7027,14,4,,1,100,,7025,14,4,,1,100,,7029,14,4,,1,100,,7035,14,4,,1,100,,4094,14,4,,1,100,,7028,14,4,,1,100,,7034,14,4,,1,100,,7033,14,4,,1,100,,7024,14,4,,1,100,,7031,14,4,,1
50201,'5',1055,,7041,14,4,,1,100,,7044,14,4,,1,100,,7038,14,4,,1,100,,7037,14,4,,1,100,,7039,14,4,,1,100,,7040,14,4,,1,100,,7042,14,4,,1,100,,7043,14,4,,1
50300,'2',600,,7066,1,0,9 10,1,30,,7072,1,0,9 10,1,70,,7054,1,0,9 10,1,30,,7068,1,0,9 10,1,70,,7053,1,0,9 10,1,30,,7065,1,0,9 10,1,70,,7052,1,0,9 10,1,30,,7062,1,0,9 10,1,70,,7046,1,0,9 10,1,30,,7067,1,0,9 10,1,70,,7069,1,0,9 10,1,30,,7045,1,0,9 10,1,70,,7051,1,0,9 10,1,30,,7055,1,0,9 10,1,70,,7048,1,0,9 10,1,30,,7056,1,0,9 10,1,70,,7070,1,0,9 10,1,30,,7060,1,0,9 10,1,70,,7071,1,0,9 10,1,30,,7057,1,0,9 10,1,70,,7058,1,0,9 10,1,30,,7050,1,0,9 10,1,70,,7063,1,0,9 10,1,30,,7073,1,0,9 10,1,70,,7059,1,0,9 10,1,100,,7061,1,0,9 10,1,100,,7064,1,0,9 10,1,100,,7047,1,0,9 10,1,100,,7049,1,0,9 10,1
50300,'4',600,,7086,1,0,9 10,1,100,,7089,1,0,9 10,1,100,,7084,1,0,9 10,1,100,,7083,1,0,9 10,1,100,,7074,1,0,9 10,1,100,,7076,1,0,9 10,1,100,,7087,1,0,9 10,1,100,,7077,1,0,9 10,1,100,,7079,1,0,9 10,1,100,,7080,1,0,9 10,1,100,,7085,1,0,9 10,1,100,,7088,1,0,9 10,1,100,,7082,1,0,9 10,1,100,,7078,1,0,9 10,1,100,,7075,1,0,9 10,1,100,,7081,1,0,9 10,1
50300,'5',1000,,7097,1,0,9 10,1,100,,7090,1,0,9 10,1,100,,7094,1,0,9 10,1,100,,7092,1,0,9 10,1,100,,7095,1,0,9 10,1,100,,7096,1,0,9 10,1,100,,7093,1,0,9 10,1,100,,7091,1,0,9 10,1
50301,'2',625,,7102,14,4,,1,30,,7113,14,4,,1,70,,7098,14,4,,1,30,,7124,14,4,,1,70,,7121,14,4,,1,30,,7111,14,4,,1,70,,7103,14,4,,1,30,,7099,14,4,,1,70,,5319,14,4,,1,30,,7118,14,4,,1,70,,7119,14,4,,1,30,,7123,14,4,,1,70,,7117,14,4,,1,30,,7109,14,4,,1,70,,7104,14,4,,1,30,,7101,14,4,,1,70,,7108,14,4,,1,30,,7105,14,4,,1,70,,7114,14,4,,1,30,,7116,14,4,,1,70,,7115,14,4,,1,30,,7120,14,4,,1,70,,7122,14,4,,1,30,,7112,14,4,,1,70,,7100,14,4,,1,100,,7110,14,4,,1,100,,7107,14,4,,1,100,,7106,14,4,,1,100,,3076,14,4,,1
50301,'4',625,,7135,14,4,,1,100,,7131,14,4,,1,100,,7137,14,4,,1,100,,7127,14,4,,1,100,,7133,14,4,,1,100,,7134,14,4,,1,100,,7125,14,4,,1,100,,7136,14,4,,1,100,,7138,14,4,,1,100,,7128,14,4,,1,100,,7130,14,4,,1,100,,7132,14,4,,1,100,,7139,14,4,,1,100,,7126,14,4,,1,100,,5130,14,4,,1,100,,7129,14,4,,1
50301,'5',1025,,7146,14,4,,1,100,,7142,14,4,,1,100,,7145,14,4,,1,100,,7143,14,4,,1,100,,7141,14,4,,1,100,,7140,14,4,,1,100,,7147,14,4,,1,100,,7144,14,4,,1
50400,'2',600,,7163,1,0,12 13,1,30,,7171,1,0,12 13,1,70,,7174,1,0,12 13,1,30,,7172,1,0,12 13,1,70,,7149,1,0,12 13,1,30,,7162,1,0,12 13,1,70,,7167,1,0,12 13,1,30,,7159,1,0,12 13,1,70,,7151,1,0,12 13,1,30,,7154,1,0,12 13,1,70,,7158,1,0,12 13,1,30,,5482,1,0,12 13,1,70,,7173,1,0,12 13,1,30,,7168,1,0,12 13,1,70,,7155,1,0,12 13,1,30,,4960,1,0,12 13,1,70,,7169,1,0,12 13,1,30,,7161,1,0,12 13,1,70,,7148,1,0,12 13,1,30,,7165,1,0,12 13,1,70,,7153,1,0,12 13,1,30,,7150,1,0,12 13,1,70,,7170,1,0,12 13,1,30,,7166,1,0,12 13,1,70,,7157,1,0,12 13,1,100,,7156,1,0,12 13,1,100,,7160,1,0,12 13,1,100,,7152,1,0,12 13,1,100,,7164,1,0,12 13,1
50400,'4',600,,5748,1,0,12 13,1,100,,7179,1,0,12 13,1,100,,7181,1,0,12 13,1,100,,7182,1,0,12 13,1,100,,7178,1,0,12 13,1,100,,7175,1,0,12 13,1,100,,7184,1,0,12 13,1,100,,7189,1,0,12 13,1,100,,7185,1,0,12 13,1,100,,7186,1,0,12 13,1,100,,7177,1,0,12 13,1,100,,7188,1,0,12 13,1,100,,7180,1,0,12 13,1,100,,7176,1,0,12 13,1,100,,7183,1,0,12 13,1,100,,7187,1,0,12 13,1
50400,'5',1000,,7193,1,0,12 13,1,100,,7191,1,0,12 13,1,100,,7194,1,0,12 13,1,100,,7196,1,0,12 13,1,100,,7195,1,0,12 13,1,100,,7197,1,0,12 13,1,100,,7192,1,0,12 13,1,100,,7190,1,0,12 13,1
50401,'2',626,,7199,21,4,,1,30,,7205,21,4,,1,70,,7222,21,4,,1,30,,7221,21,4,,1,70,,7204,21,4,,1,30,,7223,21,4,,1,70,,7212,21,4,,1,30,,7218,21,4,,1,70,,7203,21,4,,1,30,,7211,21,4,,1,70,,7219,21,4,,1,30,,7224,21,4,,1,70,,7206,21,4,,1,30,,7207,21,4,,1,70,,7220,21,4,,1,30,,7201,21,4,,1,70,,7216,21,4,,1,30,,7217,21,4,,1,70,,7213,21,4,,1,30,,5651,21,4,,1,70,,7209,21,4,,1,30,,7214,21,4,,1,70,,7208,21,4,,1,30,,7210,21,4,,1,70,,7200,21,4,,1,100,,7225,21,4,,1,100,,7202,21,4,,1,100,,7198,21,4,,1,100,,7215,21,4,,1
50401,'4',626,,7238,21,4,,1,100,,7239,21,4,,1,100,,7229,21,4,,1,100,,7230,21,4,,1,100,,7234,21,4,,1,100,,7227,21,4,,1,100,,7241,21,4,,1,100,,7233,21,4,,1,100,,7226,21,4,,1,100,,7240,21,4,,1,100,,7236,21,4,,1,100,,7228,21,4,,1,100,,7231,21,4,,1,100,,7235,21,4,,1,100,,7232,21,4,,1,100,,7237,21,4,,1
50401,'5',1026,,7248,21,4,,1,100,,7247,21,4,,1,100,,7244,21,4,,1,100,,7249,21,4,,1,100,,7242,21,4,,1,100,,7246,21,4,,1,100,,7243,21,4,,1,100,,7245,21,4,,1
50500,'2',600,,7265,1,0,14 2 15,1,30,,7275,1,0,14 2 15,1,70,,7251,1,0,14 2 15,1,30,,7255,1,0,14 2 15,1,70,,7277,1,0,14 2 15,1,30,,7253,1,0,14 2 15,1,70,,7268,1,0,14 2 15,1,30,,7264,1,0,14 2 15,1,70,,7256,1,0,14 2 15,1,30,,7261,1,0,14 2 15,1,70,,7260,1,0,14 2 15,1,30,,7258,1,0,14 2 15,1,70,,7276,1,0,14 2 15,1,30,,7273,1,0,14 2 15,1,70,,7266,1,0,14 2 15,1,30,,7254,1,0,14 2 15,1,70,,7270,1,0,14 2 15,1,30,,7257,1,0,14 2 15,1,70,,7259,1,0,14 2 15,1,30,,7263,1,0,14 2 15,1,70,,7267,1,0,14 2 15,1,30,,5483,1,0,14 2 15,1,70,,7252,1,0,14 2 15,1,30,,7269,1,0,14 2 15,1,100,,7271,1,0,14 2 15,1,100,,7274,1,0,14 2 15,1,100,,7262,1,0,14 2 15,1,100,,7250,1,0,14 2 15,1,100,,7272,1,0,14 2 15,1
50500,'4',630,,7285,1,0,14 2 15,1,100,,7279,1,0,14 2 15,1,100,,7283,1,0,14 2 15,1,100,,7298,1,0,14 2 15,1,70,,7297,1,0,14 2 15,1,30,,7300,1,0,14 2 15,1,70,,7294,1,0,14 2 15,1,30,,7286,1,0,14 2 15,1,70,,7281,1,0,14 2 15,1,30,,7284,1,0,14 2 15,1,70,,7293,1,0,14 2 15,1,30,,7290,1,0,14 2 15,1,70,,7282,1,0,14 2 15,1,30,,7292,1,0,14 2 15,1,70,,7280,1,0,14 2 15,1,30,,7291,1,0,14 2 15,1,70,,7301,1,0,14 2 15,1,30,,7288,1,0,14 2 15,1,70,,7296,1,0,14 2 15,1,30,,7289,1,0,14 2 15,1,100,,7278,1,0,14 2 15,1,100,,7287,1,0,14 2 15,1,100,,7299,1,0,14 2 15,1,100,,7295,1,0,14 2 15,1
50500,'5',1030,,7308,1,0,14 2 15,1,100,,7302,1,0,14 2 15,1,100,,7307,1,0,14 2 15,1,100,,7306,1,0,14 2 15,1,100,,7303,1,0,14 2 15,1,100,,7304,1,0,14 2 15,1,100,,7305,1,0,14 2 15,1,100,,5050,1,0,14 2 15,1
50501,'2',624,,7312,22,4,,1,30,,7313,22,4,,1,70,,7309,22,4,,1,30,,7322,22,4,,1,70,,7311,22,4,,1,30,,5323,22,4,,1,70,,7329,22,4,,1,30,,7310,22,4,,1,70,,7333,22,4,,1,30,,7325,22,4,,1,70,,7318,22,4,,1,30,,7317,22,4,,1,70,,7321,22,4,,1,30,,7334,22,4,,1,70,,7319,22,4,,1,30,,7327,22,4,,1,70,,4919,22,4,,1,30,,7320,22,4,,1,70,,7326,22,4,,1,30,,7314,22,4,,1,70,,7315,22,4,,1,30,,7324,22,4,,1,70,,7332,22,4,,1,30,,7323,22,4,,1,100,,7330,22,4,,1,100,,5433,22,4,,1,100,,7328,22,4,,1,100,,7316,22,4,,1,100,,7331,22,4,,1
50501,'4',654,,7346,22,4,,1,100,,7345,22,4,,1,100,,7343,22,4,,1,100,,7357,22,4,,1,70,,7356,22,4,,1,30,,7355,22,4,,1,70,,7340,22,4,,1,30,,7344,22,4,,1,70,,7352,22,4,,1,30,,7358,22,4,,1,70,,7351,22,4,,1,30,,7339,22,4,,1,70,,7347,22,4,,1,30,,7353,22,4,,1,70,,7338,22,4,,1,30,,7342,22,4,,1,70,,7349,22,4,,1,30,,7337,22,4,,1,70,,7336,22,4,,1,30,,7350,22,4,,1,100,,7354,22,4,,1,100,,7348,22,4,,1,100,,7335,22,4,,1,100,,7341,22,4,,1
50501,'5',1054,,7362,22,4,,1,100,,7364,22,4,,1,100,,7365,22,4,,1,100,,7361,22,4,,1,100,,7363,22,4,,1,100,,7360,22,4,,1,100,,7359,22,4,,1,100,,7366,22,4,,1
50600,'2',600,,7383,1,0,16 6,1,30,,7387,1,0,16 6,1,70,,7372,1,0,16 6,1,30,,7390,1,0,16 6,1,70,,7384,1,0,16 6,1,30,,7393,1,0,16 6,1,70,,7388,1,0,16 6,1,30,,7374,1,0,16 6,1,70,,7381,1,0,16 6,1,30,,7376,1,0,16 6,1,70,,7389,1,0,16 6,1,30,,7368,1,0,16 6,1,70,,7373,1,0,16 6,1,30,,7380,1,0,16 6,1,70,,7371,1,0,16 6,1,30,,7392,1,0,16 6,1,70,,7385,1,0,16 6,1,30,,7391,1,0,16 6,1,70,,7382,1,0,16 6,1,30,,7375,1,0,16 6,1,70,,5062,1,0,16 6,1,30,,7379,1,0,16 6,1,70,,7378,1,0,16 6,1,30,,7369,1,0,16 6,1,70,,7394,1,0,16 6,1,100,,7386,1,0,16 6,1,100,,7377,1,0,16 6,1,100,,7367,1,0,16 6,1,100,,7370,1,0,16 6,1
50600,'4',600,,7404,1,0,16 6,1,100,,7402,1,0,16 6,1,100,,7416,1,0,16 6,1,100,,7397,1,0,16 6,1,30,,7395,1,0,16 6,1,70,,7409,1,0,16 6,1,30,,7413,1,0,16 6,1,70,,7408,1,0,16 6,1,30,,7405,1,0,16 6,1,70,,7411,1,0,16 6,1,30,,7418,1,0,16 6,1,70,,7415,1,0,16 6,1,30,,7396,1,0,16 6,1,70,,7398,1,0,16 6,1,30,,7400,1,0,16 6,1,70,,7407,1,0,16 6,1,30,,7410,1,0,16 6,1,70,,7419,1,0,16 6,1,30,,7406,1,0,16 6,1,70,,7412,1,0,16 6,1,30,,7417,1,0,16 6,1,70,,7414,1,0,16 6,1,100,,7399,1,0,16 6,1,100,,7401,1,0,16 6,1,100,,7403,1,0,16 6,1
50600,'5',1000,,7427,1,0,16 6,1,100,,7424,1,0,16 6,1,100,,7423,1,0,16 6,1,100,,7422,1,0,16 6,1,100,,7426,1,0,16 6,1,100,,7421,1,0,16 6,1,100,,7420,1,0,16 6,1,100,,7425,1,0,16 6,1
50601,'2',625,,7448,20,4,,1,30,,7445,20,4,,1,70,,7442,20,4,,1,30,,7443,20,4,,1,70,,7455,20,4,,1,30,,7444,20,4,,1,70,,7433,20,4,,1,30,,7453,20,4,,1,70,,7434,20,4,,1,30,,7431,20,4,,1,70,,7430,20,4,,1,30,,7429,20,4,,1,70,,7452,20,4,,1,30,,7436,20,4,,1,70,,7432,20,4,,1,30,,7450,20,4,,1,70,,7437,20,4,,1,30,,7441,20,4,,1,70,,7435,20,4,,1,30,,7438,20,4,,1,70,,7446,20,4,,1,30,,7439,20,4,,1,70,,7447,20,4,,1,30,,7449,20,4,,1,70,,7451,20,4,,1,100,,7454,20,4,,1,100,,7440,20,4,,1,100,,5267,20,4,,1,100,,7428,20,4,,1
50601,'4',625,,7475,20,4,,1,100,,7466,20,4,,1,100,,7471,20,4,,1,100,,7463,20,4,,1,29,,7461,20,4,,1,71,,7474,20,4,,1,29,,7476,20,4,,1,71,,7462,20,4,,1,29,,7472,20,4,,1,71,,7467,20,4,,1,29,,7479,20,4,,1,71,,7473,20,4,,1,29,,7478,20,4,,1,71,,7470,20,4,,1,29,,7465,20,4,,1,71,,7480,20,4,,1,29,,7464,20,4,,1,71,,7457,20,4,,1,29,,7458,20,4,,1,71,,7477,20,4,,1,29,,7456,20,4,,1,71,,7468,20,4,,1,100,,7459,20,4,,1,100,,7469,20,4,,1,100,,7460,20,4,,1
50601,'5',1025,,7485,20,4,,1,100,,7481,20,4,,1,100,,7486,20,4,,1,100,,7487,20,4,,1,100,,7482,20,4,,1,100,,7484,20,4,,1,100,,7483,20,4,,1,100,,7488,20,4,,1
50800,'2',600,,7507,1,0,5 6,1,30,,7492,1,0,5 6,1,70,,7505,1,0,5 6,1,30,,7514,1,0,5 6,1,70,,7494,1,0,5 6,1,30,,7499,1,0,5 6,1,70,,7515,1,0,5 6,1,30,,7501,1,0,5 6,1,70,,7495,1,0,5 6,1,30,,7493,1,0,5 6,1,70,,7506,1,0,5 6,1,30,,7490,1,0,5 6,1,70,,7502,1,0,5 6,1,30,,6836,1,0,5 6,1,70,,7504,1,0,5 6,1,30,,5378,1,0,5 6,1,70,,7511,1,0,5 6,1,30,,7497,1,0,5 6,1,70,,7491,1,0,5 6,1,30,,7513,1,0,5 6,1,70,,7509,1,0,5 6,1,30,,7500,1,0,5 6,1,70,,7508,1,0,5 6,1,30,,7489,1,0,5 6,1,100,,7510,1,0,5 6,1,100,,7498,1,0,5 6,1,100,,7496,1,0,5 6,1,100,,7503,1,0,5 6,1,100,,7512,1,0,5 6,1
50800,'4',630,,7516,1,0,5 6,1,100,,7525,1,0,5 6,1,100,,7530,1,0,5 6,1,100,,7527,1,0,5 6,1,70,,7529,1,0,5 6,1,30,,7518,1,0,5 6,1,70,,7519,1,0,5 6,1,30,,7522,1,0,5 6,1,70,,7517,1,0,5 6,1,30,,7521,1,0,5 6,1,70,,7534,1,0,5 6,1,30,,7523,1,0,5 6,1,70,,7531,1,0,5 6,1,30,,7520,1,0,5 6,1,70,,7526,1,0,5 6,1,30,,4943,1,0,5 6,1,70,,5508,1,0,5 6,1,30,,7537,1,0,5 6,1,70,,7536,1,0,5 6,1,30,,7533,1,0,5 6,1,100,,7524,1,0,5 6,1,100,,7535,1,0,5 6,1,100,,7528,1,0,5 6,1,100,,7532,1,0,5 6,1
50800,'5',1030,,7542,1,0,5 6,1,100,,7538,1,0,5 6,1,100,,7544,1,0,5 6,1,100,,7543,1,0,5 6,1,100,,7541,1,0,5 6,1,100,,7545,1,0,5 6,1,100,,7540,1,0,5 6,1,100,,7539,1,0,5 6,1
50801,'2',623,,7565,8,4,,1,30,,7559,8,4,,1,70,,7556,8,4,,1,30,,7568,8,4,,1,70,,7572,8,4,,1,30,,7566,8,4,,1,70,,7548,8,4,,1,30,,7573,8,4,,1,70,,7564,8,4,,1,30,,7547,8,4,,1,70,,7569,8,4,,1,30,,7562,8,4,,1,70,,7567,8,4,,1,30,,7555,8,4,,1,70,,7551,8,4,,1,30,,7570,8,4,,1,70,,7553,8,4,,1,30,,7571,8,4,,1,70,,7546,8,4,,1,30,,7563,8,4,,1,70,,7574,8,4,,1,30,,7560,8,4,,1,70,,7561,8,4,,1,30,,7550,8,4,,1,100,,7552,8,4,,1,100,,7557,8,4,,1,100,,7554,8,4,,1,100,,7549,8,4,,1,100,,7558,8,4,,1
50801,'4',653,,7576,8,4,,1,100,,7584,8,4,,1,100,,7579,8,4,,1,100,,7593,8,4,,1,70,,7582,8,4,,1,30,,7581,8,4,,1,70,,7578,8,4,,1,30,,7596,8,4,,1,70,,7583,8,4,,1,30,,7588,8,4,,1,70,,7575,8,4,,1,30,,7589,8,4,,1,70,,7580,8,4,,1,30,,7598,8,4,,1,70,,7585,8,4,,1,30,,7577,8,4,,1,70,,7587,8,4,,1,30,,7595,8,4,,1,70,,7590,8,4,,1,30,,7594,8,4,,1,100,,7591,8,4,,1,100,,7586,8,4,,1,100,,7592,8,4,,1,100,,7597,8,4,,1
50801,'5',1053,,7599,8,4,,1,100,,7605,8,4,,1,100,,7600,8,4,,1,100,,7603,8,4,,1,100,,7601,8,4,,1,100,,7604,8,4,,1,100,,7602,8,4,,1,100,,7606,8,4,,1
50900,'2',600,,7607,1,,,1,30,,7618,1,,,1,70,,7615,1,,,1,30,,7609,1,,,1,70,,7626,1,,,1,30,,7628,1,,,1,70,,7631,1,,,1,30,,7610,1,,,1,70,,7630,1,,,1,30,,7624,1,,,1,70,,7620,1,,,1,30,,7616,1,,,1,70,,7622,1,,,1,30,,7617,1,,,1,70,,5309,1,,,1,30,,7625,1,,,1,70,,5421,1,,,1,30,,7612,1,,,1,70,,7629,1,,,1,30,,7623,1,,,1,70,,7613,1,,,1,30,,7621,1,,,1,70,,7611,1,,,1,30,,7614,1,,,1,70,,7632,1,,,1,100,,7608,1,,,1,100,,7619,1,,,1,100,,7633,1,,,1,100,,7627,1,,,1
50900,'4',600,,7639,1,,,1,100,,7645,1,,,1,100,,7646,1,,,1,100,,7643,1,,,1,30,,7654,1,,,1,70,,7650,1,,,1,30,,7653,1,,,1,70,,7636,1,,,1,30,,7655,1,,,1,70,,7648,1,,,1,30,,7651,1,,,1,70,,7635,1,,,1,30,,7642,1,,,1,70,,7647,1,,,1,30,,7656,1,,,1,70,,7644,1,,,1,30,,5391,1,,,1,70,,7649,1,,,1,30,,7637,1,,,1,70,,7634,1,,,1,30,,7638,1,,,1,70,,7657,1,,,1,100,,7640,1,,,1,100,,7641,1,,,1,100,,7652,1,,,1
50900,'5',1000,,7658,1,,,1,100,,7665,1,,,1,100,,7664,1,,,1,100,,7659,1,,,1,100,,7663,1,,,1,100,,7662,1,,,1,100,,7660,1,,,1,100,,7661,1,,,1
50901,'2',626,,7678,21,4,,1,30,,7674,21,4,,1,71,,7670,21,4,,1,30,,7680,21,4,,1,70,,7668,21,4,,1,30,,3312,21,4,,1,70,,5594,21,4,,1,30,,7681,21,4,,1,69,,7672,21,4,,1,30,,7688,21,4,,1,70,,7683,21,4,,1,30,,3378,21,4,,1,70,,7675,21,4,,1,30,,7671,21,4,,1,70,,7677,21,4,,1,30,,7687,21,4,,1,71,,5120,21,4,,1,30,,7669,21,4,,1,70,,7682,21,4,,1,30,,7684,21,4,,1,70,,7686,21,4,,1,30,,7685,21,4,,1,70,,7679,21,4,,1,30,,7666,21,4,,1,70,,7673,21,4,,1,99,,7689,21,4,,1,100,,7667,21,4,,1,100,,7690,21,4,,1,100,,7676,21,4,,1
50901,'4',626,,7714,21,4,,1,101,,7700,21,4,,1,100,,7706,21,4,,1,100,,7703,21,4,,1,30,,7696,21,4,,1,69,,7712,21,4,,1,30,,7705,21,4,,1,70,,7704,21,4,,1,30,,7701,21,4,,1,70,,4942,21,4,,1,30,,7699,21,4,,1,70,,7702,21,4,,1,30,,7708,21,4,,1,71,,7691,21,4,,1,30,,7709,21,4,,1,70,,7710,21,4,,1,30,,7711,21,4,,1,70,,7713,21,4,,1,30,,7695,21,4,,1,70,,7707,21,4,,1,30,,7697,21,4,,1,70,,7692,21,4,,1,99,,7694,21,4,,1,100,,7693,21,4,,1,100,,7698,21,4,,1
50901,'5',1026,,7719,21,4,,1,100,,7716,21,4,,1,100,,7715,21,4,,1,100,,7721,21,4,,1,101,,7718,21,4,,1,100,,7720,21,4,,1,100,,5469,21,4,,1,100,,7717,21,4,,1
