60200,'11',929,,2109,15,4,,1,100,,2106,15,4,,1,100,,2114,15,4,,1,100,,2110,15,4,,1,100,,2113,15,4,,1,100,,2108,15,4,,1,100,,2112,15,4,,1,100,,2116,15,4,,1,100,,2115,15,4,,1,100,,2111,15,4,,1,100,,2107,15,4,,1,100,,2117,15,4,,1
60200,'14',929,,2138,15,4,,1,30,,898,15,4,,1,70,,2120,15,4,,1,30,,2136,15,4,,1,70,,2123,15,4,,1,30,,2118,15,4,,1,70,,2122,15,4,,1,30,,2137,15,4,,1,70,,2130,15,4,,1,30,,2125,15,4,,1,70,,2127,15,4,,1,30,,2128,15,4,,1,70,,2135,15,4,,1,30,,2119,15,4,,1,70,,2132,15,4,,1,30,,2134,15,4,,1,70,,468,15,4,,1,30,,2129,15,4,,1,70,,2126,15,4,,1,30,,2124,15,4,,1,70,,2133,15,4,,1,30,,2121,15,4,,1,70,,2131,15,4,,1
60200,'18',929,,2142,15,4,,1,100,,2139,15,4,,1,100,,2147,15,4,,1,100,,2143,15,4,,1,100,,2146,15,4,,1,100,,2141,15,4,,1,100,,2145,15,4,,1,100,,2149,15,4,,1,100,,2148,15,4,,1,100,,2144,15,4,,1,100,,2140,15,4,,1,100,,2150,15,4,,1
60200,'20',929,,2171,15,4,,1,30,,2165,15,4,,1,70,,2152,15,4,,1,30,,2169,15,4,,1,70,,2155,15,4,,1,30,,2151,15,4,,1,70,,2154,15,4,,1,30,,2170,15,4,,1,70,,2163,15,4,,1,30,,2157,15,4,,1,70,,2159,15,4,,1,30,,2161,15,4,,1,70,,2168,15,4,,1,30,,372,15,4,,1,70,,2166,15,4,,1,30,,697,15,4,,1,70,,2160,15,4,,1,30,,2162,15,4,,1,70,,2158,15,4,,1,30,,2156,15,4,,1,70,,2167,15,4,,1,30,,2153,15,4,,1,70,,2164,15,4,,1
60200,'4',929,,2194,15,4,,1,30,,2187,15,4,,1,70,,2174,15,4,,1,30,,2192,15,4,,1,70,,2177,15,4,,1,30,,2172,15,4,,1,70,,2176,15,4,,1,30,,2193,15,4,,1,70,,2185,15,4,,1,30,,2179,15,4,,1,70,,2181,15,4,,1,30,,2183,15,4,,1,70,,2191,15,4,,1,30,,2173,15,4,,1,70,,2188,15,4,,1,30,,2190,15,4,,1,70,,2182,15,4,,1,30,,2184,15,4,,1,70,,2180,15,4,,1,30,,2178,15,4,,1,70,,2189,15,4,,1,30,,2175,15,4,,1,70,,2186,15,4,,1
60200,'8',929,,2198,15,4,,1,100,,2195,15,4,,1,100,,2203,15,4,,1,100,,2199,15,4,,1,100,,2202,15,4,,1,100,,2197,15,4,,1,100,,2201,15,4,,1,100,,2205,15,4,,1,100,,2204,15,4,,1,100,,2200,15,4,,1,100,,2196,15,4,,1,100,,2206,15,4,,1
60201,'11',930,,2210,1,,,1,100,,2209,1,,,1,100,,2217,1,,,1,100,,2212,1,,,1,100,,2207,1,,,1,100,,2208,1,,,1,100,,2214,1,,,1,100,,2213,1,,,1,100,,208,1,,,1,100,,2211,1,,,1,100,,2215,1,,,1,100,,2216,1,,,1
60201,'14',930,,2226,1,,,1,70,,2232,1,,,1,30,,2233,1,,,1,70,,2219,1,,,1,30,,2222,1,,,1,70,,2239,1,,,1,30,,2238,1,,,1,70,,2218,1,,,1,30,,2221,1,,,1,70,,2236,1,,,1,30,,2234,1,,,1,70,,2235,1,,,1,30,,2237,1,,,1,70,,2223,1,,,1,30,,2227,1,,,1,70,,2224,1,,,1,30,,2220,1,,,1,70,,2229,1,,,1,30,,2225,1,,,1,70,,2230,1,,,1,30,,2228,1,,,1,70,,2231,1,,,1,30,,203,1,,,1
60201,'18',930,,2244,1,,,1,100,,2242,1,,,1,100,,2251,1,,,1,100,,2246,1,,,1,100,,2240,1,,,1,100,,2241,1,,,1,100,,2248,1,,,1,100,,2247,1,,,1,100,,2243,1,,,1,100,,2245,1,,,1,100,,2249,1,,,1,100,,2250,1,,,1
60201,'20',930,,230,1,,,1,70,,2263,1,,,1,30,,2264,1,,,1,70,,2253,1,,,1,30,,2256,1,,,1,70,,2271,1,,,1,30,,2270,1,,,1,70,,2252,1,,,1,30,,2255,1,,,1,70,,2268,1,,,1,30,,2266,1,,,1,70,,2267,1,,,1,30,,2269,1,,,1,70,,2257,1,,,1,30,,688,1,,,1,70,,2258,1,,,1,30,,2254,1,,,1,70,,2260,1,,,1,30,,746,1,,,1,70,,2261,1,,,1,30,,2259,1,,,1,70,,2262,1,,,1,30,,2265,1,,,1
60201,'4',930,,2280,1,,,1,70,,2286,1,,,1,30,,2287,1,,,1,70,,2273,1,,,1,30,,2276,1,,,1,70,,2294,1,,,1,30,,2293,1,,,1,70,,2272,1,,,1,30,,2275,1,,,1,70,,2291,1,,,1,30,,2289,1,,,1,70,,2290,1,,,1,30,,2292,1,,,1,70,,2277,1,,,1,30,,2281,1,,,1,70,,2278,1,,,1,30,,2274,1,,,1,70,,2283,1,,,1,30,,2279,1,,,1,70,,2284,1,,,1,30,,2282,1,,,1,70,,2285,1,,,1,30,,2288,1,,,1
60201,'8',930,,2299,1,,,1,100,,2297,1,,,1,100,,2306,1,,,1,100,,2301,1,,,1,100,,2295,1,,,1,100,,2296,1,,,1,100,,2303,1,,,1,100,,2302,1,,,1,100,,2298,1,,,1,100,,2300,1,,,1,100,,2304,1,,,1,100,,2305,1,,,1
