75100,'1',716,,7730,16,,,1,100,,6780,16,,,1,100,,7722,16,,,1,100,,7733,16,,,1,100,,7725,16,,,1,100,,7729,16,,,1,100,,7732,16,,,1,100,,7727,16,,,1,100,,7724,16,,,1,100,,7734,16,,,1,100,,7728,16,,,1,100,,7735,16,,,1,100,,7726,16,,,1,100,,7737,16,,,1,100,,7723,16,,,1,100,,7736,16,,,1,100,,7731,16,,,1
75100,'11',716,,7747,16,,,1,100,,7738,16,,,1,100,,7739,16,,,1,100,,7750,16,,,1,100,,7742,16,,,1,100,,7746,16,,,1,100,,7749,16,,,1,100,,7744,16,,,1,100,,7741,16,,,1,100,,7751,16,,,1,100,,7745,16,,,1,100,,7752,16,,,1,100,,7743,16,,,1,100,,7754,16,,,1,100,,7740,16,,,1,100,,7753,16,,,1,100,,7748,16,,,1
75100,'12',716,,7755,16,,,1,100,,7766,16,,,1,100,,7768,16,,,1,100,,7757,16,,,1,100,,7765,16,,,1,100,,7756,16,,,1,100,,7761,16,,,1,100,,7759,16,,,1,100,,7771,16,,,1,100,,7762,16,,,1,100,,7763,16,,,1,100,,7758,16,,,1,100,,7767,16,,,1,100,,7770,16,,,1,100,,7764,16,,,1,100,,7769,16,,,1,100,,7760,16,,,1
75100,'13',716,,7772,16,,,1,100,,7783,16,,,1,100,,7785,16,,,1,100,,7774,16,,,1,100,,7782,16,,,1,100,,7773,16,,,1,100,,7778,16,,,1,100,,7776,16,,,1,100,,7788,16,,,1,100,,7779,16,,,1,100,,7780,16,,,1,100,,7775,16,,,1,100,,7784,16,,,1,100,,7787,16,,,1,100,,7781,16,,,1,100,,7786,16,,,1,100,,7777,16,,,1
75100,'16',716,,7797,16,,,1,100,,6814,16,,,1,100,,7789,16,,,1,100,,7800,16,,,1,100,,7792,16,,,1,100,,7796,16,,,1,100,,7799,16,,,1,100,,7794,16,,,1,100,,7791,16,,,1,100,,7801,16,,,1,100,,7795,16,,,1,100,,7802,16,,,1,100,,7793,16,,,1,100,,7804,16,,,1,100,,7790,16,,,1,100,,7803,16,,,1,100,,7798,16,,,1
75100,'3',716,,7805,16,,,1,100,,7815,16,,,1,100,,7817,16,,,1,100,,5650,16,,,1,100,,7814,16,,,1,100,,7806,16,,,1,100,,7810,16,,,1,100,,7808,16,,,1,100,,7820,16,,,1,100,,7811,16,,,1,100,,7812,16,,,1,100,,7807,16,,,1,100,,7816,16,,,1,100,,7819,16,,,1,100,,7813,16,,,1,100,,7818,16,,,1,100,,7809,16,,,1
75100,'6',716,,7821,16,,,1,100,,7832,16,,,1,100,,7834,16,,,1,100,,7823,16,,,1,100,,7831,16,,,1,100,,7822,16,,,1,100,,7827,16,,,1,100,,7825,16,,,1,100,,7837,16,,,1,100,,7828,16,,,1,100,,7829,16,,,1,100,,7824,16,,,1,100,,7833,16,,,1,100,,7836,16,,,1,100,,7830,16,,,1,100,,7835,16,,,1,100,,7826,16,,,1
75101,'1',738,,7849,12,0,17 18,1,100,,7845,12,0,17 18,1,100,,7847,12,0,17 18,1,100,,7848,12,0,17 18,1,100,,7854,12,0,17 18,1,100,,7841,12,0,17 18,1,100,,7840,12,0,17 18,1,100,,7844,12,0,17 18,1,100,,7853,12,0,17 18,1,100,,7843,12,0,17 18,1,100,,7852,12,0,17 18,1,100,,7851,12,0,17 18,1,100,,7846,12,0,17 18,1,100,,7839,12,0,17 18,1,100,,7842,12,0,17 18,1,100,,7850,12,0,17 18,1,100,,7838,12,0,17 18,1
75101,'11',738,,7866,12,0,17 18,1,100,,7862,12,0,17 18,1,100,,7864,12,0,17 18,1,100,,7865,12,0,17 18,1,100,,7871,12,0,17 18,1,100,,7858,12,0,17 18,1,100,,7857,12,0,17 18,1,100,,7861,12,0,17 18,1,100,,7870,12,0,17 18,1,100,,7860,12,0,17 18,1,100,,7869,12,0,17 18,1,100,,7868,12,0,17 18,1,100,,7863,12,0,17 18,1,100,,7856,12,0,17 18,1,100,,7859,12,0,17 18,1,100,,7867,12,0,17 18,1,100,,7855,12,0,17 18,1
75101,'12',738,,7886,12,0,17 18,1,100,,7883,12,0,17 18,1,100,,7873,12,0,17 18,1,100,,7872,12,0,17 18,1,100,,7885,12,0,17 18,1,100,,7887,12,0,17 18,1,100,,7880,12,0,17 18,1,100,,7882,12,0,17 18,1,100,,7884,12,0,17 18,1,100,,7876,12,0,17 18,1,100,,7875,12,0,17 18,1,100,,7874,12,0,17 18,1,100,,7878,12,0,17 18,1,100,,7879,12,0,17 18,1,100,,7888,12,0,17 18,1,100,,7877,12,0,17 18,1,100,,7881,12,0,17 18,1
75101,'13',738,,7903,12,0,17 18,1,100,,7900,12,0,17 18,1,100,,7890,12,0,17 18,1,100,,7889,12,0,17 18,1,100,,7902,12,0,17 18,1,100,,7904,12,0,17 18,1,100,,7897,12,0,17 18,1,100,,7899,12,0,17 18,1,100,,7901,12,0,17 18,1,100,,7893,12,0,17 18,1,100,,7892,12,0,17 18,1,100,,7891,12,0,17 18,1,100,,7895,12,0,17 18,1,100,,7896,12,0,17 18,1,100,,7905,12,0,17 18,1,100,,7894,12,0,17 18,1,100,,7898,12,0,17 18,1
75101,'16',738,,7917,12,0,17 18,1,100,,7913,12,0,17 18,1,100,,7915,12,0,17 18,1,100,,7916,12,0,17 18,1,100,,7922,12,0,17 18,1,100,,7909,12,0,17 18,1,100,,7908,12,0,17 18,1,100,,7912,12,0,17 18,1,100,,7921,12,0,17 18,1,100,,7911,12,0,17 18,1,100,,7920,12,0,17 18,1,100,,7919,12,0,17 18,1,100,,7914,12,0,17 18,1,100,,7907,12,0,17 18,1,100,,7910,12,0,17 18,1,100,,7918,12,0,17 18,1,100,,7906,12,0,17 18,1
75101,'3',738,,7937,12,0,17 18,1,100,,7934,12,0,17 18,1,100,,7924,12,0,17 18,1,100,,7923,12,0,17 18,1,100,,7936,12,0,17 18,1,100,,7938,12,0,17 18,1,100,,7931,12,0,17 18,1,100,,7933,12,0,17 18,1,100,,7935,12,0,17 18,1,100,,7927,12,0,17 18,1,100,,7926,12,0,17 18,1,100,,7925,12,0,17 18,1,100,,7929,12,0,17 18,1,100,,7930,12,0,17 18,1,100,,7939,12,0,17 18,1,100,,7928,12,0,17 18,1,100,,7932,12,0,17 18,1
75101,'6',738,,7954,12,0,17 18,1,100,,7951,12,0,17 18,1,100,,7941,12,0,17 18,1,100,,7940,12,0,17 18,1,100,,7953,12,0,17 18,1,100,,7955,12,0,17 18,1,100,,7948,12,0,17 18,1,100,,7950,12,0,17 18,1,100,,7952,12,0,17 18,1,100,,7944,12,0,17 18,1,100,,7943,12,0,17 18,1,100,,7942,12,0,17 18,1,100,,7946,12,0,17 18,1,100,,7947,12,0,17 18,1,100,,7956,12,0,17 18,1,100,,7945,12,0,17 18,1,100,,7949,12,0,17 18,1
