501,50100,'2',4906,4907,4908,4909,4910,4911,4912,4913,4438,4914,4915,4916,4917,4918,4919,4920,4921,4922,4923,4924,4925,4926,4927,4928,4008,4929,4930,4931,4932
501,50100,'4',4933,4934,4935,4936,4937,4938,4939,4940,4941,4942,4943,4944,4945,4946,4947,4948
501,50100,'5',4949,4950,4951,4952,4953,4954,4955,4956
501,50101,'2',4957,4958,4959,4960,4961,4110,4962,3647,3062,4963,4964,4965,3421,4966,3718,4967,4968,3722,4969,4970,4971,4972,4973,4974,4975,4976,4977,4978,4979
501,50101,'4',4980,4981,4982,4983,4984,3042,4985,4986,3191,4987,4988,4989,4990,4991,4992,4993
501,50101,'5',4994,4995,4996,4997,4998,4999,5000,5001
502,50200,'2',5002,5003,5004,5005,5006,5007,5008,5009,5010,5011,5012,5013,5014,5015,5016,5017,5018,5019,5020,5021,5022,5023,5024,5025,5026,5027,5028,5029,5030
502,50200,'4',5031,5032,5033,5034,5035,5036,5037,5038,5039,5040,5041,5042,5043,5044,5045,5046
502,50200,'5',5047,5048,5049,5050,5051,5052,5053,5054
502,50201,'2',5055,5056,5057,5058,5059,5060,4440,5061,5062,5063,5064,5065,5066,3017,5067,3326,5068,5069,5070,5071,5072,5073,5074,5075,5076,5077,5078,5079,5080
502,50201,'4',5081,5082,5083,5084,4703,5085,5086,5087,5088,5089,5090,5091,5092,5093,5094,5095
502,50201,'5',5096,5097,5098,3524,5099,5100,5101,5102
503,50300,'2',5103,5104,5105,5106,5107,5108,5109,5110,5111,5112,5113,3413,3109,5114,5115,5116,5117,5118,5119,5120,5121,5122,5123,5124,5125,5126,5127,5128,5129
503,50300,'4',5130,5131,5132,5133,5134,5135,5136,5137,5138,5139,5140,5141,5142,5143,5144,5145
503,50300,'5',5146,5147,5148,5149,5150,5151,5152,5153
503,50301,'2',5154,5155,5156,5157,5158,5159,5160,3587,5161,5162,5163,5164,5165,5166,5167,5168,5169,5170,5171,5172,5173,5174,5175,5176,5177,5178,5179,5180,5181
503,50301,'4',5182,5183,5184,5185,5186,5187,5188,5189,5190,5191,5192,5193,5194,5195,5196,5197
503,50301,'5',5198,5199,5200,5201,5202,5203,5204,5205
504,50400,'2',5206,5207,5208,5209,5210,5211,5212,5213,5214,5215,5216,5217,4000,5218,5219,5220,4003,5221,5222,5223,5224,5225,5226,5227,5228,5229,5230,5231,5232
504,50400,'4',5233,5234,5235,5236,5237,5238,5239,5240,5241,5242,5243,5244,5245,5246,5247,5248
504,50400,'5',5249,5250,5251,5252,5253,5254,4326,5255
504,50401,'2',5256,5257,5258,5259,5260,5261,3990,5262,5263,5264,5265,5266,5267,5268,5269,5270,3179,5271,5272,5273,5274,5275,5276,5277,5278,5279,5280,5281,5282
504,50401,'4',5283,5284,5285,5286,5287,3496,5288,3036,5289,4090,5290,5291,5292,5293,5294,5295
504,50401,'5',5296,5297,5298,4649,5299,5300,5301,5302
505,50500,'2',5303,5304,5305,5306,5307,5308,5309,5310,5311,5312,5313,5314,3066,3375,5315,5316,5317,5318,4149,5319,5320,5321,5322,5323,5324,5325,5326,5327,5328
505,50500,'4',5329,5330,5331,5332,5333,5334,5335,5336,5337,5338,5339,5340,5341,3194,5342,5343,5344,5345,5346,5347,5348,5349,5350,5351
505,50500,'5',5352,5353,5354,5355,5356,5357,4681,5358
505,50501,'2',4825,5359,5360,5361,4433,5362,5363,5364,5365,5366,5367,5368,5369,5370,5371,5372,5373,5374,5375,5376,5377,5378,5379,5380,5381,5382,5383,5384,5385
505,50501,'4',5386,5387,5388,5389,5390,5391,4711,5392,3976,5393,5394,5395,5396,4094,5397,5398,5399,5400,5401,5402,5403,5404,5405,5406
505,50501,'5',5407,5408,5409,5410,5411,5412,5413,5414
506,50600,'2',5415,5416,5417,5418,5419,5420,5421,5422,5423,5424,5425,5426,5427,5428,5429,5430,5431,5432,5433,5434,5435,5436,5437,5438,5439,5440,5441,5442,5443
506,50600,'4',5444,5445,5446,5447,5448,5449,5450,5451,5452,5453,5454,5455,5456,5457,5458,5459,5460,5461,4427,5462,5463,5464,5465,5466,5467
506,50600,'5',5468,5469,5470,5471,5472,5473,5474,5475
506,50601,'2',5476,5477,4101,5478,5479,3259,5480,5481,3312,5482,5483,5484,5485,5486,5487,5488,5489,5490,5491,5492,5493,3490,5494,5495,5496,5497,5498,3235,5499
506,50601,'4',5500,5501,5502,5503,5504,5505,5506,5507,5508,5509,5510,5511,5512,5513,5514,5515,5516,5517,5518,5519,5520,5521,5522,5523,5524
506,50601,'5',5525,5526,5527,5528,5529,5530,5531,5532
508,50800,'2',5533,5534,5535,5536,5537,5538,5539,5540,5541,5542,5543,5544,5545,5546,5547,5548,5549,5550,5551,5552,5553,5554,5555,5556,5557,5558,5559,5560,5561
508,50800,'4',5562,5563,5564,5565,5566,5567,4381,5568,5569,5570,3686,5571,5572,5573,3864,5574,5575,3810,5576,5577,5578,5579,5580,5581
508,50800,'5',5582,5583,5584,5585,5586,5587,5588,5589
508,50801,'2',5590,5591,5592,5593,5594,5595,1877,5596,5597,5598,5599,3328,5600,5601,3076,5602,5603,5604,5605,5606,5607,5608,5609,5610,5611,5612,5613,5614,5615
508,50801,'4',5616,5617,5618,5619,5620,5621,5622,4390,5623,5624,5625,5626,5627,4744,5628,5629,5630,5631,5632,5633,5634,5635,5636,5637
508,50801,'5',4610,5638,5639,5640,5641,5642,5643,5644
509,50900,'2',5645,5646,5647,5648,5649,5650,5651,5652,5653,5654,5655,5656,5657,5658,5659,5660,5661,5662,5663,3378,3668,5664,5665,5666,5667,5668,5669,5670,5671
509,50900,'4',5672,5673,5674,5675,5676,5677,5678,5679,3040,5680,5681,5682,5683,5684,5685,5686,5687,5688,5689,5690,5691,5692,5693,5694,5695
509,50900,'5',5696,5697,5698,5699,4306,5700,5701,5702
509,50901,'2',5703,5704,5705,5706,5707,5708,5709,5710,5711,5712,5713,5714,5715,5716,5717,5718,5719,5720,5721,5722,5723,5724,5725,5726,5727,5728,5729,5730,5731
509,50901,'4',5732,5733,5734,5735,5736,5737,3241,5738,5739,5740,5741,5742,5743,5744,5745,5746,5747,5748,5749,5750,5751,5752,5753,5754,5755
509,50901,'5',4279,5756,5757,4662,5758,5759,5760,5761
751,75100,'1',6712,6713,6714,6715,6716,6717,6718,6719,6720,6721,6722,6723,6724,6725,6726,6727,6728
751,75100,'11',6729,6730,6731,6732,6733,6734,6735,6736,6737,6738,6739,6740,6741,6742,6743,6744,6745
751,75100,'14',6746,6747,6748,6749,6750,6751,3741,6752,1569,6753,6754,6755,6756,6757,6758,6759,6760
751,75100,'3',6761,6762,6763,6764,6765,6766,3534,6767,6768,6769,6770,6771,6772,4497,6773,6774,6775
751,75101,'1',6776,6777,6778,6779,6780,6781,6782,6783,6784,6785,6786,6787,6788,6789,6790,6791,6792
751,75101,'11',6793,6794,6795,6796,6797,6798,6799,6800,6801,6802,6803,6804,6805,6806,6807,6808,6809
751,75101,'14',6810,6811,6812,6813,6814,4813,6815,6816,6817,6818,6819,6820,6821,6822,6823,6824,6825
751,75101,'3',6826,6827,6828,4452,6829,6830,6831,6832,6833,6834,6835,6836,6837,6838,6839,6840,6841
