50800,'2',610,,7507,10,4,,1,30,,7492,10,4,,1,70,,7505,10,4,,1,30,,7514,10,4,,1,70,,7494,10,4,,1,30,,7499,10,4,,1,70,,7515,10,4,,1,30,,7501,10,4,,1,70,,7495,10,4,,1,30,,7493,10,4,,1,70,,7506,10,4,,1,30,,7490,10,4,,1,70,,7502,10,4,,1,30,,6836,10,4,,1,70,,7504,10,4,,1,30,,5378,10,4,,1,70,,7511,10,4,,1,30,,7497,10,4,,1,70,,7491,10,4,,1,30,,7513,10,4,,1,70,,7509,10,4,,1,30,,7500,10,4,,1,70,,7508,10,4,,1,30,,7489,10,4,,1,100,,7510,10,4,,1,100,,7498,10,4,,1,100,,7496,10,4,,1,100,,7503,10,4,,1,100,,7512,10,4,,1
50800,'4',640,,7516,10,4,,1,100,,7525,10,4,,1,100,,7530,10,4,,1,100,,7527,10,4,,1,70,,7529,10,4,,1,30,,7518,10,4,,1,70,,7519,10,4,,1,30,,7522,10,4,,1,70,,7517,10,4,,1,30,,7521,10,4,,1,70,,7534,10,4,,1,30,,7523,10,4,,1,70,,7531,10,4,,1,30,,7520,10,4,,1,70,,7526,10,4,,1,30,,4943,10,4,,1,70,,5508,10,4,,1,30,,7537,10,4,,1,70,,7536,10,4,,1,30,,7533,10,4,,1,100,,7524,10,4,,1,100,,7535,10,4,,1,100,,7528,10,4,,1,100,,7532,10,4,,1
50800,'5',1040,,7542,10,4,,1,100,,7538,10,4,,1,100,,7544,10,4,,1,100,,7543,10,4,,1,100,,7541,10,4,,1,100,,7545,10,4,,1,100,,7540,10,4,,1,100,,7539,10,4,,1
50801,'2',611,,7565,1,0,5 6,1,30,,7559,1,0,5 6,1,70,,7556,1,0,5 6,1,30,,7568,1,0,5 6,1,70,,7572,1,0,5 6,1,30,,7566,1,0,5 6,1,70,,7548,1,0,5 6,1,30,,7573,1,0,5 6,1,70,,7564,1,0,5 6,1,30,,7547,1,0,5 6,1,70,,7569,1,0,5 6,1,30,,7562,1,0,5 6,1,70,,7567,1,0,5 6,1,30,,7555,1,0,5 6,1,70,,7551,1,0,5 6,1,30,,7570,1,0,5 6,1,70,,7553,1,0,5 6,1,30,,7571,1,0,5 6,1,70,,7546,1,0,5 6,1,30,,7563,1,0,5 6,1,70,,7574,1,0,5 6,1,30,,7560,1,0,5 6,1,70,,7561,1,0,5 6,1,30,,7550,1,0,5 6,1,100,,7552,1,0,5 6,1,100,,7557,1,0,5 6,1,100,,7554,1,0,5 6,1,100,,7549,1,0,5 6,1,100,,7558,1,0,5 6,1
50801,'4',641,,7576,1,0,5 6,1,100,,7584,1,0,5 6,1,100,,7579,1,0,5 6,1,100,,7593,1,0,5 6,1,70,,7582,1,0,5 6,1,30,,7581,1,0,5 6,1,70,,7578,1,0,5 6,1,30,,7596,1,0,5 6,1,70,,7583,1,0,5 6,1,30,,7588,1,0,5 6,1,70,,7575,1,0,5 6,1,30,,7589,1,0,5 6,1,70,,7580,1,0,5 6,1,30,,7598,1,0,5 6,1,70,,7585,1,0,5 6,1,30,,7577,1,0,5 6,1,70,,7587,1,0,5 6,1,30,,7595,1,0,5 6,1,70,,7590,1,0,5 6,1,30,,7594,1,0,5 6,1,100,,7591,1,0,5 6,1,100,,7586,1,0,5 6,1,100,,7592,1,0,5 6,1,100,,7597,1,0,5 6,1
50801,'5',1041,,7599,1,0,5 6,1,100,,7605,1,0,5 6,1,100,,7600,1,0,5 6,1,100,,7603,1,0,5 6,1,100,,7601,1,0,5 6,1,100,,7604,1,0,5 6,1,100,,7602,1,0,5 6,1,100,,7606,1,0,5 6,1
50900,'2',607,,7607,9,4,,1,30,,7618,9,4,,1,70,,7615,9,4,,1,30,,7609,9,4,,1,70,,7626,9,4,,1,30,,7628,9,4,,1,70,,7631,9,4,,1,30,,7610,9,4,,1,70,,7630,9,4,,1,30,,7624,9,4,,1,70,,7620,9,4,,1,30,,7616,9,4,,1,70,,7622,9,4,,1,30,,7617,9,4,,1,70,,5309,9,4,,1,30,,7625,9,4,,1,70,,5421,9,4,,1,30,,7612,9,4,,1,70,,7629,9,4,,1,30,,7623,9,4,,1,70,,7613,9,4,,1,30,,7621,9,4,,1,70,,7611,9,4,,1,30,,7614,9,4,,1,70,,7632,9,4,,1,100,,7608,9,4,,1,100,,7619,9,4,,1,100,,7633,9,4,,1,100,,7627,9,4,,1
50900,'4',607,,7639,9,4,,1,100,,7645,9,4,,1,100,,7646,9,4,,1,100,,7643,9,4,,1,30,,7654,9,4,,1,70,,7650,9,4,,1,30,,7653,9,4,,1,70,,7636,9,4,,1,30,,7655,9,4,,1,70,,7648,9,4,,1,30,,7651,9,4,,1,70,,7635,9,4,,1,30,,7642,9,4,,1,70,,7647,9,4,,1,30,,7656,9,4,,1,70,,7644,9,4,,1,30,,5391,9,4,,1,70,,7649,9,4,,1,30,,7637,9,4,,1,70,,7634,9,4,,1,30,,7638,9,4,,1,70,,7657,9,4,,1,100,,7640,9,4,,1,100,,7641,9,4,,1,100,,7652,9,4,,1
50900,'5',1007,,7658,9,4,,1,100,,7665,9,4,,1,100,,7664,9,4,,1,100,,7659,9,4,,1,100,,7663,9,4,,1,100,,7662,9,4,,1,100,,7660,9,4,,1,100,,7661,9,4,,1
50901,'2',610,,7678,1,0,7 8,1,30,,7674,1,0,7 8,1,70,,7670,1,0,7 8,1,30,,7680,1,0,7 8,1,70,,7668,1,0,7 8,1,30,,3312,1,0,7 8,1,70,,5594,1,0,7 8,1,30,,7681,1,0,7 8,1,70,,7672,1,0,7 8,1,30,,7688,1,0,7 8,1,70,,7683,1,0,7 8,1,30,,3378,1,0,7 8,1,70,,7675,1,0,7 8,1,30,,7671,1,0,7 8,1,70,,7677,1,0,7 8,1,30,,7687,1,0,7 8,1,70,,5120,1,0,7 8,1,30,,7669,1,0,7 8,1,70,,7682,1,0,7 8,1,30,,7684,1,0,7 8,1,70,,7686,1,0,7 8,1,30,,7685,1,0,7 8,1,70,,7679,1,0,7 8,1,30,,7666,1,0,7 8,1,70,,7673,1,0,7 8,1,100,,7689,1,0,7 8,1,100,,7667,1,0,7 8,1,100,,7690,1,0,7 8,1,100,,7676,1,0,7 8,1
50901,'4',610,,7714,1,0,7 8,1,100,,7700,1,0,7 8,1,100,,7706,1,0,7 8,1,100,,7703,1,0,7 8,1,30,,7696,1,0,7 8,1,70,,7712,1,0,7 8,1,30,,7705,1,0,7 8,1,70,,7704,1,0,7 8,1,30,,7701,1,0,7 8,1,70,,4942,1,0,7 8,1,30,,7699,1,0,7 8,1,70,,7702,1,0,7 8,1,30,,7708,1,0,7 8,1,70,,7691,1,0,7 8,1,30,,7709,1,0,7 8,1,70,,7710,1,0,7 8,1,30,,7711,1,0,7 8,1,70,,7713,1,0,7 8,1,30,,7695,1,0,7 8,1,70,,7707,1,0,7 8,1,30,,7697,1,0,7 8,1,70,,7692,1,0,7 8,1,100,,7694,1,0,7 8,1,100,,7693,1,0,7 8,1,100,,7698,1,0,7 8,1
50901,'5',1010,,7719,1,0,7 8,1,100,,7716,1,0,7 8,1,100,,7715,1,0,7 8,1,100,,7721,1,0,7 8,1,100,,7718,1,0,7 8,1,100,,7720,1,0,7 8,1,100,,5469,1,0,7 8,1,100,,7717,1,0,7 8,1
