50200,'2',601,,6949,2,0,11 6,1,30,,6961,2,0,11 6,1,70,,6960,2,0,11 6,1,30,,6965,2,0,11 6,1,70,,6947,2,0,11 6,1,30,,6945,2,0,11 6,1,70,,6944,2,0,11 6,1,30,,6955,2,0,11 6,1,70,,6962,2,0,11 6,1,30,,6946,2,0,11 6,1,70,,6942,2,0,11 6,1,30,,4973,2,0,11 6,1,70,,6953,2,0,11 6,1,30,,6948,2,0,11 6,1,70,,6950,2,0,11 6,1,30,,6959,2,0,11 6,1,70,,6967,2,0,11 6,1,30,,6954,2,0,11 6,1,70,,6968,2,0,11 6,1,30,,6966,2,0,11 6,1,70,,6963,2,0,11 6,1,30,,6943,2,0,11 6,1,70,,6958,2,0,11 6,1,30,,6956,2,0,11 6,1,100,,6952,2,0,11 6,1,100,,5551,2,0,11 6,1,100,,6951,2,0,11 6,1,100,,6957,2,0,11 6,1,100,,6964,2,0,11 6,1
50200,'4',631,,6972,2,0,11 6,1,100,,6984,2,0,11 6,1,100,,6977,2,0,11 6,1,100,,6973,2,0,11 6,1,100,,6981,2,0,11 6,1,100,,6983,2,0,11 6,1,100,,6974,2,0,11 6,1,100,,6970,2,0,11 6,1,100,,6982,2,0,11 6,1,100,,6978,2,0,11 6,1,100,,6979,2,0,11 6,1,100,,6975,2,0,11 6,1,100,,6971,2,0,11 6,1,100,,6976,2,0,11 6,1,100,,6980,2,0,11 6,1,100,,6969,2,0,11 6,1
50200,'5',1031,,6989,2,0,11 6,1,100,,6988,2,0,11 6,1,100,,6987,2,0,11 6,1,100,,6990,2,0,11 6,1,100,,6985,2,0,11 6,1,100,,6986,2,0,11 6,1,100,,6992,2,0,11 6,1,100,,6991,2,0,11 6,1
50300,'2',601,,7066,2,0,9 10,1,30,,7072,2,0,9 10,1,70,,7054,2,0,9 10,1,30,,7068,2,0,9 10,1,70,,7053,2,0,9 10,1,30,,7065,2,0,9 10,1,70,,7052,2,0,9 10,1,30,,7062,2,0,9 10,1,70,,7046,2,0,9 10,1,30,,7067,2,0,9 10,1,70,,7069,2,0,9 10,1,30,,7045,2,0,9 10,1,70,,7051,2,0,9 10,1,30,,7055,2,0,9 10,1,70,,7048,2,0,9 10,1,30,,7056,2,0,9 10,1,70,,7070,2,0,9 10,1,30,,7060,2,0,9 10,1,70,,7071,2,0,9 10,1,30,,7057,2,0,9 10,1,70,,7058,2,0,9 10,1,30,,7050,2,0,9 10,1,70,,7063,2,0,9 10,1,30,,7073,2,0,9 10,1,70,,7059,2,0,9 10,1,100,,7061,2,0,9 10,1,100,,7064,2,0,9 10,1,100,,7047,2,0,9 10,1,100,,7049,2,0,9 10,1
50300,'4',601,,7086,2,0,9 10,1,100,,7089,2,0,9 10,1,100,,7084,2,0,9 10,1,100,,7083,2,0,9 10,1,100,,7074,2,0,9 10,1,100,,7076,2,0,9 10,1,100,,7087,2,0,9 10,1,100,,7077,2,0,9 10,1,100,,7079,2,0,9 10,1,100,,7080,2,0,9 10,1,100,,7085,2,0,9 10,1,100,,7088,2,0,9 10,1,100,,7082,2,0,9 10,1,100,,7078,2,0,9 10,1,100,,7075,2,0,9 10,1,100,,7081,2,0,9 10,1
50300,'5',1001,,7097,2,0,9 10,1,100,,7090,2,0,9 10,1,100,,7094,2,0,9 10,1,100,,7092,2,0,9 10,1,100,,7095,2,0,9 10,1,100,,7096,2,0,9 10,1,100,,7093,2,0,9 10,1,100,,7091,2,0,9 10,1
50400,'2',601,,7163,2,0,12 13,1,30,,7171,2,0,12 13,1,70,,7174,2,0,12 13,1,30,,7172,2,0,12 13,1,70,,7149,2,0,12 13,1,30,,7162,2,0,12 13,1,70,,7167,2,0,12 13,1,30,,7159,2,0,12 13,1,70,,7151,2,0,12 13,1,30,,7154,2,0,12 13,1,70,,7158,2,0,12 13,1,30,,5482,2,0,12 13,1,70,,7173,2,0,12 13,1,30,,7168,2,0,12 13,1,70,,7155,2,0,12 13,1,30,,4960,2,0,12 13,1,70,,7169,2,0,12 13,1,30,,7161,2,0,12 13,1,70,,7148,2,0,12 13,1,30,,7165,2,0,12 13,1,70,,7153,2,0,12 13,1,30,,7150,2,0,12 13,1,70,,7170,2,0,12 13,1,30,,7166,2,0,12 13,1,70,,7157,2,0,12 13,1,100,,7156,2,0,12 13,1,100,,7160,2,0,12 13,1,100,,7152,2,0,12 13,1,100,,7164,2,0,12 13,1
50400,'4',601,,5748,2,0,12 13,1,100,,7179,2,0,12 13,1,100,,7181,2,0,12 13,1,100,,7182,2,0,12 13,1,100,,7178,2,0,12 13,1,100,,7175,2,0,12 13,1,100,,7184,2,0,12 13,1,100,,7189,2,0,12 13,1,100,,7185,2,0,12 13,1,100,,7186,2,0,12 13,1,100,,7177,2,0,12 13,1,100,,7188,2,0,12 13,1,100,,7180,2,0,12 13,1,100,,7176,2,0,12 13,1,100,,7183,2,0,12 13,1,100,,7187,2,0,12 13,1
50400,'5',1001,,7193,2,0,12 13,1,100,,7191,2,0,12 13,1,100,,7194,2,0,12 13,1,100,,7196,2,0,12 13,1,100,,7195,2,0,12 13,1,100,,7197,2,0,12 13,1,100,,7192,2,0,12 13,1,100,,7190,2,0,12 13,1
50900,'2',601,,7607,3,,,1,30,,7618,3,,,1,70,,7615,3,,,1,30,,7609,3,,,1,70,,7626,3,,,1,30,,7628,3,,,1,70,,7631,3,,,1,30,,7610,3,,,1,70,,7630,3,,,1,30,,7624,3,,,1,70,,7620,3,,,1,30,,7616,3,,,1,70,,7622,3,,,1,30,,7617,3,,,1,70,,5309,3,,,1,30,,7625,3,,,1,70,,5421,3,,,1,30,,7612,3,,,1,70,,7629,3,,,1,30,,7623,3,,,1,70,,7613,3,,,1,30,,7621,3,,,1,70,,7611,3,,,1,30,,7614,3,,,1,70,,7632,3,,,1,100,,7608,3,,,1,100,,7619,3,,,1,100,,7633,3,,,1,100,,7627,3,,,1
50900,'4',601,,7639,3,,,1,100,,7645,3,,,1,100,,7646,3,,,1,100,,7643,3,,,1,30,,7654,3,,,1,70,,7650,3,,,1,30,,7653,3,,,1,70,,7636,3,,,1,30,,7655,3,,,1,70,,7648,3,,,1,30,,7651,3,,,1,70,,7635,3,,,1,30,,7642,3,,,1,70,,7647,3,,,1,30,,7656,3,,,1,70,,7644,3,,,1,30,,5391,3,,,1,70,,7649,3,,,1,30,,7637,3,,,1,70,,7634,3,,,1,30,,7638,3,,,1,70,,7657,3,,,1,100,,7640,3,,,1,100,,7641,3,,,1,100,,7652,3,,,1
50900,'5',1001,,7658,3,,,1,100,,7665,3,,,1,100,,7664,3,,,1,100,,7659,3,,,1,100,,7663,3,,,1,100,,7662,3,,,1,100,,7660,3,,,1,100,,7661,3,,,1
