'1',20260427,0,20260427,1,20260428,0,20260428,1,20260429,0,20260429,1,20260430,0,20260430,1,20260504,0,20260504,2,20260505,0,20260505,2,20260506,0,20260506,2,20260507,0,20260507,2,20260511,0,20260511,2,20260512,0,20260512,2,20260513,0,20260513,2,20260514,0,20260514,2
'10',20260501,0,20260508,0,20260515,0
'12',20260427,0,20260428,0,20260429,0,20260430,0,20260501,0,20260504,0,20260505,0,20260506,0,20260507,0,20260508,0,20260511,0,20260512,0,20260513,0,20260514,0,20260515,0
'13',20260502,0,20260509,0,20260516,0
'2',20260427,0,20260428,0,20260429,0,20260430,0,20260501,0,20260504,0,20260505,0,20260506,0,20260507,0,20260508,0,20260511,0,20260512,0,20260513,0,20260514,0,20260515,0
'3',20260427,0,20260427,2,20260428,0,20260428,2,20260429,0,20260429,2,20260430,0,20260430,2,20260504,0,20260505,0,20260506,0,20260507,0,20260511,0,20260512,0,20260513,0,20260514,0
'4',20260502,0,20260509,0,20260516,0
'5',20260502,0,20260502,2,20260509,0,20260509,2,20260516,0,20260516,1
'6',20260426,0,20260503,0,20260510,0
'7',20260426,0,20260503,0,20260510,0
'9',20260502,0,20260509,0,20260516,0,20260516,2
