60200,'11',908,,2109,7,,,1,100,,2106,7,,,1,100,,2114,7,,,1,100,,2110,7,,,1,100,,2113,7,,,1,100,,2108,7,,,1,100,,2112,7,,,1,100,,2116,7,,,1,100,,2115,7,,,1,100,,2111,7,,,1,100,,2107,7,,,1,100,,2117,7,,,1
60200,'14',908,,2138,7,,,1,30,,898,7,,,1,70,,2120,7,,,1,30,,2136,7,,,1,70,,2123,7,,,1,30,,2118,7,,,1,70,,2122,7,,,1,30,,2137,7,,,1,70,,2130,7,,,1,30,,2125,7,,,1,70,,2127,7,,,1,30,,2128,7,,,1,70,,2135,7,,,1,30,,2119,7,,,1,70,,2132,7,,,1,30,,2134,7,,,1,70,,468,7,,,1,30,,2129,7,,,1,70,,2126,7,,,1,30,,2124,7,,,1,70,,2133,7,,,1,30,,2121,7,,,1,70,,2131,7,,,1
60200,'18',908,,2142,7,,,1,100,,2139,7,,,1,100,,2147,7,,,1,100,,2143,7,,,1,100,,2146,7,,,1,100,,2141,7,,,1,100,,2145,7,,,1,100,,2149,7,,,1,100,,2148,7,,,1,100,,2144,7,,,1,100,,2140,7,,,1,100,,2150,7,,,1
60200,'20',908,,2171,7,,,1,30,,2165,7,,,1,70,,2152,7,,,1,30,,2169,7,,,1,70,,2155,7,,,1,30,,2151,7,,,1,70,,2154,7,,,1,30,,2170,7,,,1,70,,2163,7,,,1,30,,2157,7,,,1,70,,2159,7,,,1,30,,2161,7,,,1,70,,2168,7,,,1,30,,372,7,,,1,70,,2166,7,,,1,30,,697,7,,,1,70,,2160,7,,,1,30,,2162,7,,,1,70,,2158,7,,,1,30,,2156,7,,,1,70,,2167,7,,,1,30,,2153,7,,,1,70,,2164,7,,,1
60200,'4',908,,2194,7,,,1,30,,2187,7,,,1,70,,2174,7,,,1,30,,2192,7,,,1,70,,2177,7,,,1,30,,2172,7,,,1,70,,2176,7,,,1,30,,2193,7,,,1,70,,2185,7,,,1,30,,2179,7,,,1,70,,2181,7,,,1,30,,2183,7,,,1,70,,2191,7,,,1,30,,2173,7,,,1,70,,2188,7,,,1,30,,2190,7,,,1,70,,2182,7,,,1,30,,2184,7,,,1,70,,2180,7,,,1,30,,2178,7,,,1,70,,2189,7,,,1,30,,2175,7,,,1,70,,2186,7,,,1
60200,'8',908,,2198,7,,,1,100,,2195,7,,,1,100,,2203,7,,,1,100,,2199,7,,,1,100,,2202,7,,,1,100,,2197,7,,,1,100,,2201,7,,,1,100,,2205,7,,,1,100,,2204,7,,,1,100,,2200,7,,,1,100,,2196,7,,,1,100,,2206,7,,,1
60300,'11',909,,2332,7,,,1,30,,2335,7,,,1,70,,2313,7,,,1,30,,2312,7,,,1,70,,2315,7,,,1,30,,2321,7,,,1,70,,2316,7,,,1,30,,2329,7,,,1,70,,2326,7,,,1,30,,2319,7,,,1,70,,2324,7,,,1,30,,2327,7,,,1,70,,2310,7,,,1,30,,2342,7,,,1,70,,2311,7,,,1,30,,2325,7,,,1,70,,2337,7,,,1,30,,2339,7,,,1,70,,2314,7,,,1,30,,2322,7,,,1,70,,2340,7,,,1,30,,2317,7,,,1,70,,2309,7,,,1
60300,'14',909,,2416,7,,,1,15,,2395,7,,,1,15,,2374,7,,,1,15,,2368,7,,,1,55,,2387,7,,,1,15,,2388,7,,,1,15,,2397,7,,,1,15,,2373,7,,,1,55,,2367,7,,,1,15,,2420,7,,,1,15,,2375,7,,,1,15,,2356,7,,,1,55,,2381,7,,,1,15,,2378,7,,,1,15,,2410,7,,,1,15,,2382,7,,,1,55,,2405,7,,,1,15,,2353,7,,,1,15,,2412,7,,,1,15,,2407,7,,,1,55,,2383,7,,,1,15,,2352,7,,,1,15,,2418,7,,,1,15,,2422,7,,,1,55,,2366,7,,,1,15,,2377,7,,,1,15,,2365,7,,,1,15,,2396,7,,,1,55,,2406,7,,,1,15,,2354,7,,,1,15,,2349,7,,,1,15,,2423,7,,,1,55,,2379,7,,,1,15,,2415,7,,,1,15,,2390,7,,,1,15,,2393,7,,,1,55,,2394,7,,,1,30,,2370,7,,,1,70,,2369,7,,,1,30,,2359,7,,,1,70,,2401,7,,,1
60300,'18',909,,2450,7,,,1,30,,2453,7,,,1,70,,2431,7,,,1,30,,2430,7,,,1,70,,2433,7,,,1,30,,2439,7,,,1,70,,2434,7,,,1,30,,2447,7,,,1,70,,2444,7,,,1,30,,2437,7,,,1,70,,2442,7,,,1,30,,2445,7,,,1,70,,2428,7,,,1,30,,2460,7,,,1,70,,2429,7,,,1,30,,2443,7,,,1,70,,2455,7,,,1,30,,2457,7,,,1,70,,2432,7,,,1,30,,2440,7,,,1,70,,2458,7,,,1,30,,2435,7,,,1,70,,2427,7,,,1
60300,'20',909,,2530,7,,,1,15,,2511,7,,,1,15,,2491,7,,,1,15,,2485,7,,,1,55,,2503,7,,,1,15,,2504,7,,,1,15,,2513,7,,,1,15,,2490,7,,,1,55,,2484,7,,,1,15,,2534,7,,,1,15,,2492,7,,,1,15,,2474,7,,,1,55,,2498,7,,,1,15,,2495,7,,,1,15,,2524,7,,,1,15,,440,7,,,1,55,,2520,7,,,1,15,,2471,7,,,1,15,,2526,7,,,1,15,,882,7,,,1,55,,2499,7,,,1,15,,2470,7,,,1,15,,2532,7,,,1,15,,2536,7,,,1,55,,2483,7,,,1,15,,2494,7,,,1,15,,2482,7,,,1,15,,2512,7,,,1,55,,2521,7,,,1,15,,2472,7,,,1,15,,2467,7,,,1,15,,2537,7,,,1,55,,2496,7,,,1,15,,2529,7,,,1,15,,2506,7,,,1,15,,2509,7,,,1,55,,2510,7,,,1,30,,2487,7,,,1,70,,2486,7,,,1,30,,2477,7,,,1,70,,2517,7,,,1
60300,'4',909,,2608,7,,,1,15,,2587,7,,,1,15,,2566,7,,,1,15,,2560,7,,,1,55,,2579,7,,,1,15,,2580,7,,,1,15,,2589,7,,,1,15,,2565,7,,,1,55,,2559,7,,,1,15,,2612,7,,,1,15,,2567,7,,,1,15,,2548,7,,,1,55,,2573,7,,,1,15,,2570,7,,,1,15,,2602,7,,,1,15,,2574,7,,,1,55,,2597,7,,,1,15,,2545,7,,,1,15,,2604,7,,,1,15,,2599,7,,,1,55,,2575,7,,,1,15,,2544,7,,,1,15,,2610,7,,,1,15,,2614,7,,,1,55,,2558,7,,,1,15,,2569,7,,,1,15,,2557,7,,,1,15,,2588,7,,,1,55,,2598,7,,,1,15,,2546,7,,,1,15,,2541,7,,,1,15,,2615,7,,,1,55,,2571,7,,,1,15,,2607,7,,,1,15,,2582,7,,,1,15,,2585,7,,,1,55,,2586,7,,,1,30,,2562,7,,,1,70,,2561,7,,,1,30,,2551,7,,,1,70,,2593,7,,,1
60300,'8',909,,2642,7,,,1,30,,2645,7,,,1,70,,2623,7,,,1,30,,2622,7,,,1,70,,2625,7,,,1,30,,2631,7,,,1,70,,2626,7,,,1,30,,2639,7,,,1,70,,2636,7,,,1,30,,2629,7,,,1,70,,2634,7,,,1,30,,2637,7,,,1,70,,2620,7,,,1,30,,2652,7,,,1,70,,2621,7,,,1,30,,2635,7,,,1,70,,2647,7,,,1,30,,2649,7,,,1,70,,2624,7,,,1,30,,2632,7,,,1,70,,2650,7,,,1,30,,2627,7,,,1,70,,2619,7,,,1
