75100,'1',700,,7730,1,,,1,100,,6780,1,,,1,100,,7722,1,,,1,100,,7733,1,,,1,100,,7725,1,,,1,100,,7729,1,,,1,100,,7732,1,,,1,100,,7727,1,,,1,100,,7724,1,,,1,100,,7734,1,,,1,100,,7728,1,,,1,100,,7735,1,,,1,100,,7726,1,,,1,100,,7737,1,,,1,100,,7723,1,,,1,100,,7736,1,,,1,100,,7731,1,,,1
75100,'11',700,,7747,1,,,1,100,,7738,1,,,1,100,,7739,1,,,1,100,,7750,1,,,1,100,,7742,1,,,1,100,,7746,1,,,1,100,,7749,1,,,1,100,,7744,1,,,1,100,,7741,1,,,1,100,,7751,1,,,1,100,,7745,1,,,1,100,,7752,1,,,1,100,,7743,1,,,1,100,,7754,1,,,1,100,,7740,1,,,1,100,,7753,1,,,1,100,,7748,1,,,1
75100,'12',700,,7755,1,,,1,100,,7766,1,,,1,100,,7768,1,,,1,100,,7757,1,,,1,100,,7765,1,,,1,100,,7756,1,,,1,100,,7761,1,,,1,100,,7759,1,,,1,100,,7771,1,,,1,100,,7762,1,,,1,100,,7763,1,,,1,100,,7758,1,,,1,100,,7767,1,,,1,100,,7770,1,,,1,100,,7764,1,,,1,100,,7769,1,,,1,100,,7760,1,,,1
75100,'13',700,,7772,1,,,1,100,,7783,1,,,1,100,,7785,1,,,1,100,,7774,1,,,1,100,,7782,1,,,1,100,,7773,1,,,1,100,,7778,1,,,1,100,,7776,1,,,1,100,,7788,1,,,1,100,,7779,1,,,1,100,,7780,1,,,1,100,,7775,1,,,1,100,,7784,1,,,1,100,,7787,1,,,1,100,,7781,1,,,1,100,,7786,1,,,1,100,,7777,1,,,1
75100,'16',700,,7797,1,,,1,100,,6814,1,,,1,100,,7789,1,,,1,100,,7800,1,,,1,100,,7792,1,,,1,100,,7796,1,,,1,100,,7799,1,,,1,100,,7794,1,,,1,100,,7791,1,,,1,100,,7801,1,,,1,100,,7795,1,,,1,100,,7802,1,,,1,100,,7793,1,,,1,100,,7804,1,,,1,100,,7790,1,,,1,100,,7803,1,,,1,100,,7798,1,,,1
75100,'3',700,,7805,1,,,1,100,,7815,1,,,1,100,,7817,1,,,1,100,,5650,1,,,1,100,,7814,1,,,1,100,,7806,1,,,1,100,,7810,1,,,1,100,,7808,1,,,1,100,,7820,1,,,1,100,,7811,1,,,1,100,,7812,1,,,1,100,,7807,1,,,1,100,,7816,1,,,1,100,,7819,1,,,1,100,,7813,1,,,1,100,,7818,1,,,1,100,,7809,1,,,1
75100,'6',700,,7821,1,,,1,100,,7832,1,,,1,100,,7834,1,,,1,100,,7823,1,,,1,100,,7831,1,,,1,100,,7822,1,,,1,100,,7827,1,,,1,100,,7825,1,,,1,100,,7837,1,,,1,100,,7828,1,,,1,100,,7829,1,,,1,100,,7824,1,,,1,100,,7833,1,,,1,100,,7836,1,,,1,100,,7830,1,,,1,100,,7835,1,,,1,100,,7826,1,,,1
75101,'1',746,,7849,16,4,,1,100,,7845,16,4,,1,100,,7847,16,4,,1,100,,7848,16,4,,1,100,,7854,16,4,,1,100,,7841,16,4,,1,100,,7840,16,4,,1,100,,7844,16,4,,1,100,,7853,16,4,,1,100,,7843,16,4,,1,100,,7852,16,4,,1,100,,7851,16,4,,1,100,,7846,16,4,,1,100,,7839,16,4,,1,100,,7842,16,4,,1,100,,7850,16,4,,1,100,,7838,16,4,,1
75101,'11',746,,7866,16,4,,1,100,,7862,16,4,,1,100,,7864,16,4,,1,100,,7865,16,4,,1,100,,7871,16,4,,1,100,,7858,16,4,,1,100,,7857,16,4,,1,100,,7861,16,4,,1,100,,7870,16,4,,1,100,,7860,16,4,,1,100,,7869,16,4,,1,100,,7868,16,4,,1,100,,7863,16,4,,1,100,,7856,16,4,,1,100,,7859,16,4,,1,100,,7867,16,4,,1,100,,7855,16,4,,1
75101,'12',746,,7886,16,4,,1,100,,7883,16,4,,1,100,,7873,16,4,,1,100,,7872,16,4,,1,100,,7885,16,4,,1,100,,7887,16,4,,1,100,,7880,16,4,,1,100,,7882,16,4,,1,100,,7884,16,4,,1,100,,7876,16,4,,1,100,,7875,16,4,,1,100,,7874,16,4,,1,100,,7878,16,4,,1,100,,7879,16,4,,1,100,,7888,16,4,,1,100,,7877,16,4,,1,100,,7881,16,4,,1
75101,'13',746,,7903,16,4,,1,100,,7900,16,4,,1,100,,7890,16,4,,1,100,,7889,16,4,,1,100,,7902,16,4,,1,100,,7904,16,4,,1,100,,7897,16,4,,1,100,,7899,16,4,,1,100,,7901,16,4,,1,100,,7893,16,4,,1,100,,7892,16,4,,1,100,,7891,16,4,,1,100,,7895,16,4,,1,100,,7896,16,4,,1,100,,7905,16,4,,1,100,,7894,16,4,,1,100,,7898,16,4,,1
75101,'16',746,,7917,16,4,,1,100,,7913,16,4,,1,100,,7915,16,4,,1,100,,7916,16,4,,1,100,,7922,16,4,,1,100,,7909,16,4,,1,100,,7908,16,4,,1,100,,7912,16,4,,1,100,,7921,16,4,,1,100,,7911,16,4,,1,100,,7920,16,4,,1,100,,7919,16,4,,1,100,,7914,16,4,,1,100,,7907,16,4,,1,100,,7910,16,4,,1,100,,7918,16,4,,1,100,,7906,16,4,,1
75101,'3',746,,7937,16,4,,1,100,,7934,16,4,,1,100,,7924,16,4,,1,100,,7923,16,4,,1,100,,7936,16,4,,1,100,,7938,16,4,,1,100,,7931,16,4,,1,100,,7933,16,4,,1,100,,7935,16,4,,1,100,,7927,16,4,,1,100,,7926,16,4,,1,100,,7925,16,4,,1,100,,7929,16,4,,1,100,,7930,16,4,,1,100,,7939,16,4,,1,100,,7928,16,4,,1,100,,7932,16,4,,1
75101,'6',746,,7954,16,4,,1,100,,7951,16,4,,1,100,,7941,16,4,,1,100,,7940,16,4,,1,100,,7953,16,4,,1,100,,7955,16,4,,1,100,,7948,16,4,,1,100,,7950,16,4,,1,100,,7952,16,4,,1,100,,7944,16,4,,1,100,,7943,16,4,,1,100,,7942,16,4,,1,100,,7946,16,4,,1,100,,7947,16,4,,1,100,,7956,16,4,,1,100,,7945,16,4,,1,100,,7949,16,4,,1
