50201,'2',622,,5074,11,0,11 6,1,30,,5080,11,0,11 6,1,70,,5061,11,0,11 6,1,30,,5073,11,0,11 6,1,70,,5078,11,0,11 6,1,30,,5069,11,0,11 6,1,70,,5066,11,0,11 6,1,30,,3326,11,0,11 6,1,70,,5057,11,0,11 6,1,30,,5071,11,0,11 6,1,70,,5058,11,0,11 6,1,30,,5064,11,0,11 6,1,70,,5055,11,0,11 6,1,30,,5070,11,0,11 6,1,70,,5077,11,0,11 6,1,30,,5065,11,0,11 6,1,70,,5072,11,0,11 6,1,30,,5059,11,0,11 6,1,70,,5062,11,0,11 6,1,30,,5060,11,0,11 6,1,70,,5076,11,0,11 6,1,30,,4440,11,0,11 6,1,70,,3017,11,0,11 6,1,30,,5075,11,0,11 6,1,99,,5067,11,0,11 6,1,100,,5079,11,0,11 6,1,100,,5068,11,0,11 6,1,100,,5063,11,0,11 6,1,100,,5056,11,0,11 6,1
50201,'4',652,,5087,11,0,11 6,1,100,,5089,11,0,11 6,1,100,,4703,11,0,11 6,1,100,,5094,11,0,11 6,1,100,,5086,11,0,11 6,1,100,,5091,11,0,11 6,1,100,,5093,11,0,11 6,1,100,,5095,11,0,11 6,1,100,,5090,11,0,11 6,1,100,,5082,11,0,11 6,1,100,,5081,11,0,11 6,1,100,,5083,11,0,11 6,1,100,,5088,11,0,11 6,1,100,,5092,11,0,11 6,1,100,,5084,11,0,11 6,1,100,,5085,11,0,11 6,1
50201,'5',1052,,5098,11,0,11 6,1,100,,3524,11,0,11 6,1,100,,5101,11,0,11 6,1,100,,5100,11,0,11 6,1,100,,5102,11,0,11 6,1,100,,5097,11,0,11 6,1,100,,5096,11,0,11 6,1,100,,5099,11,0,11 6,1
50301,'2',622,,5167,11,0,9 10,1,30,,5161,11,0,9 10,1,70,,5172,11,0,9 10,1,30,,5160,11,0,9 10,1,70,,5175,11,0,9 10,1,30,,5174,11,0,9 10,1,70,,5169,11,0,9 10,1,30,,5177,11,0,9 10,1,70,,5162,11,0,9 10,1,30,,5156,11,0,9 10,1,70,,5173,11,0,9 10,1,30,,5157,11,0,9 10,1,70,,5165,11,0,9 10,1,30,,5180,11,0,9 10,1,70,,5158,11,0,9 10,1,30,,5159,11,0,9 10,1,70,,5166,11,0,9 10,1,30,,5163,11,0,9 10,1,70,,5171,11,0,9 10,1,30,,5164,11,0,9 10,1,70,,5181,11,0,9 10,1,30,,5168,11,0,9 10,1,70,,5176,11,0,9 10,1,30,,3587,11,0,9 10,1,70,,5170,11,0,9 10,1,100,,5154,11,0,9 10,1,100,,5178,11,0,9 10,1,100,,5155,11,0,9 10,1,100,,5179,11,0,9 10,1
50301,'4',622,,5197,11,0,9 10,1,100,,5189,11,0,9 10,1,100,,5187,11,0,9 10,1,100,,5194,11,0,9 10,1,100,,5185,11,0,9 10,1,100,,5193,11,0,9 10,1,100,,5192,11,0,9 10,1,100,,5184,11,0,9 10,1,100,,5191,11,0,9 10,1,100,,5186,11,0,9 10,1,100,,5190,11,0,9 10,1,100,,5195,11,0,9 10,1,100,,5196,11,0,9 10,1,100,,5183,11,0,9 10,1,100,,5188,11,0,9 10,1,100,,5182,11,0,9 10,1
50301,'5',1022,,5201,11,0,9 10,1,100,,5203,11,0,9 10,1,100,,5200,11,0,9 10,1,100,,5204,11,0,9 10,1,100,,5205,11,0,9 10,1,100,,5198,11,0,9 10,1,100,,5202,11,0,9 10,1,100,,5199,11,0,9 10,1
50401,'2',624,,5262,18,0,12 13,1,30,,5257,18,0,12 13,1,70,,5258,18,0,12 13,1,30,,5263,18,0,12 13,1,70,,5272,18,0,12 13,1,30,,5274,18,0,12 13,1,70,,3179,18,0,12 13,1,30,,5271,18,0,12 13,1,70,,5269,18,0,12 13,1,30,,5266,18,0,12 13,1,70,,5265,18,0,12 13,1,30,,5261,18,0,12 13,1,70,,5259,18,0,12 13,1,30,,5279,18,0,12 13,1,70,,5282,18,0,12 13,1,30,,5267,18,0,12 13,1,70,,5256,18,0,12 13,1,30,,5270,18,0,12 13,1,70,,5281,18,0,12 13,1,30,,5260,18,0,12 13,1,70,,5280,18,0,12 13,1,30,,5275,18,0,12 13,1,70,,5273,18,0,12 13,1,30,,5277,18,0,12 13,1,70,,5268,18,0,12 13,1,100,,5276,18,0,12 13,1,100,,3990,18,0,12 13,1,100,,5264,18,0,12 13,1,100,,5278,18,0,12 13,1
50401,'4',624,,5290,18,0,12 13,1,100,,3036,18,0,12 13,1,100,,5288,18,0,12 13,1,100,,5287,18,0,12 13,1,100,,5292,18,0,12 13,1,100,,5295,18,0,12 13,1,100,,5291,18,0,12 13,1,100,,5286,18,0,12 13,1,100,,5289,18,0,12 13,1,100,,5294,18,0,12 13,1,100,,5283,18,0,12 13,1,100,,5285,18,0,12 13,1,100,,4090,18,0,12 13,1,100,,5293,18,0,12 13,1,100,,3496,18,0,12 13,1,100,,5284,18,0,12 13,1
50401,'5',1024,,4649,18,0,12 13,1,100,,5299,18,0,12 13,1,100,,5300,18,0,12 13,1,100,,5301,18,0,12 13,1,100,,5298,18,0,12 13,1,100,,5302,18,0,12 13,1,100,,5296,18,0,12 13,1,100,,5297,18,0,12 13,1
50901,'2',623,,5710,18,0,7 8,1,30,,5715,18,0,7 8,1,71,,5724,18,0,7 8,1,30,,5727,18,0,7 8,1,70,,5709,18,0,7 8,1,30,,5720,18,0,7 8,1,70,,5731,18,0,7 8,1,30,,5729,18,0,7 8,1,69,,5722,18,0,7 8,1,30,,5711,18,0,7 8,1,70,,5714,18,0,7 8,1,30,,5712,18,0,7 8,1,70,,5716,18,0,7 8,1,30,,5718,18,0,7 8,1,70,,5721,18,0,7 8,1,30,,5730,18,0,7 8,1,71,,5726,18,0,7 8,1,30,,5723,18,0,7 8,1,70,,5717,18,0,7 8,1,30,,5728,18,0,7 8,1,70,,5705,18,0,7 8,1,30,,5704,18,0,7 8,1,70,,5706,18,0,7 8,1,30,,5725,18,0,7 8,1,70,,5707,18,0,7 8,1,99,,5719,18,0,7 8,1,100,,5708,18,0,7 8,1,100,,5703,18,0,7 8,1,100,,5713,18,0,7 8,1
50901,'4',623,,5746,18,0,7 8,1,101,,5736,18,0,7 8,1,100,,5750,18,0,7 8,1,100,,5744,18,0,7 8,1,30,,5754,18,0,7 8,1,69,,5732,18,0,7 8,1,30,,5737,18,0,7 8,1,70,,3241,18,0,7 8,1,30,,5748,18,0,7 8,1,70,,5739,18,0,7 8,1,30,,5741,18,0,7 8,1,70,,5753,18,0,7 8,1,30,,5752,18,0,7 8,1,71,,5745,18,0,7 8,1,30,,5747,18,0,7 8,1,70,,5735,18,0,7 8,1,30,,5751,18,0,7 8,1,70,,5733,18,0,7 8,1,30,,5755,18,0,7 8,1,70,,5734,18,0,7 8,1,30,,5738,18,0,7 8,1,70,,5740,18,0,7 8,1,99,,5742,18,0,7 8,1,100,,5749,18,0,7 8,1,100,,5743,18,0,7 8,1
50901,'5',1023,,5758,18,0,7 8,1,100,,5761,18,0,7 8,1,100,,5759,18,0,7 8,1,100,,4279,18,0,7 8,1,101,,5757,18,0,7 8,1,100,,4662,18,0,7 8,1,100,,5756,18,0,7 8,1,100,,5760,18,0,7 8,1
