75100,'1',715,,7730,15,,,1,100,,6780,15,,,1,100,,7722,15,,,1,100,,7733,15,,,1,100,,7725,15,,,1,100,,7729,15,,,1,100,,7732,15,,,1,100,,7727,15,,,1,100,,7724,15,,,1,100,,7734,15,,,1,100,,7728,15,,,1,100,,7735,15,,,1,100,,7726,15,,,1,100,,7737,15,,,1,100,,7723,15,,,1,100,,7736,15,,,1,100,,7731,15,,,1
75100,'11',715,,7747,15,,,1,100,,7738,15,,,1,100,,7739,15,,,1,100,,7750,15,,,1,100,,7742,15,,,1,100,,7746,15,,,1,100,,7749,15,,,1,100,,7744,15,,,1,100,,7741,15,,,1,100,,7751,15,,,1,100,,7745,15,,,1,100,,7752,15,,,1,100,,7743,15,,,1,100,,7754,15,,,1,100,,7740,15,,,1,100,,7753,15,,,1,100,,7748,15,,,1
75100,'12',715,,7755,15,,,1,100,,7766,15,,,1,100,,7768,15,,,1,100,,7757,15,,,1,100,,7765,15,,,1,100,,7756,15,,,1,100,,7761,15,,,1,100,,7759,15,,,1,100,,7771,15,,,1,100,,7762,15,,,1,100,,7763,15,,,1,100,,7758,15,,,1,100,,7767,15,,,1,100,,7770,15,,,1,100,,7764,15,,,1,100,,7769,15,,,1,100,,7760,15,,,1
75100,'13',715,,7772,15,,,1,100,,7783,15,,,1,100,,7785,15,,,1,100,,7774,15,,,1,100,,7782,15,,,1,100,,7773,15,,,1,100,,7778,15,,,1,100,,7776,15,,,1,100,,7788,15,,,1,100,,7779,15,,,1,100,,7780,15,,,1,100,,7775,15,,,1,100,,7784,15,,,1,100,,7787,15,,,1,100,,7781,15,,,1,100,,7786,15,,,1,100,,7777,15,,,1
75100,'16',715,,7797,15,,,1,100,,6814,15,,,1,100,,7789,15,,,1,100,,7800,15,,,1,100,,7792,15,,,1,100,,7796,15,,,1,100,,7799,15,,,1,100,,7794,15,,,1,100,,7791,15,,,1,100,,7801,15,,,1,100,,7795,15,,,1,100,,7802,15,,,1,100,,7793,15,,,1,100,,7804,15,,,1,100,,7790,15,,,1,100,,7803,15,,,1,100,,7798,15,,,1
75100,'3',715,,7805,15,,,1,100,,7815,15,,,1,100,,7817,15,,,1,100,,5650,15,,,1,100,,7814,15,,,1,100,,7806,15,,,1,100,,7810,15,,,1,100,,7808,15,,,1,100,,7820,15,,,1,100,,7811,15,,,1,100,,7812,15,,,1,100,,7807,15,,,1,100,,7816,15,,,1,100,,7819,15,,,1,100,,7813,15,,,1,100,,7818,15,,,1,100,,7809,15,,,1
75100,'6',715,,7821,15,,,1,100,,7832,15,,,1,100,,7834,15,,,1,100,,7823,15,,,1,100,,7831,15,,,1,100,,7822,15,,,1,100,,7827,15,,,1,100,,7825,15,,,1,100,,7837,15,,,1,100,,7828,15,,,1,100,,7829,15,,,1,100,,7824,15,,,1,100,,7833,15,,,1,100,,7836,15,,,1,100,,7830,15,,,1,100,,7835,15,,,1,100,,7826,15,,,1
75101,'1',737,,7849,11,0,17 18,1,100,,7845,11,0,17 18,1,100,,7847,11,0,17 18,1,100,,7848,11,0,17 18,1,100,,7854,11,0,17 18,1,100,,7841,11,0,17 18,1,100,,7840,11,0,17 18,1,100,,7844,11,0,17 18,1,100,,7853,11,0,17 18,1,100,,7843,11,0,17 18,1,100,,7852,11,0,17 18,1,100,,7851,11,0,17 18,1,100,,7846,11,0,17 18,1,100,,7839,11,0,17 18,1,100,,7842,11,0,17 18,1,100,,7850,11,0,17 18,1,100,,7838,11,0,17 18,1
75101,'11',737,,7866,11,0,17 18,1,100,,7862,11,0,17 18,1,100,,7864,11,0,17 18,1,100,,7865,11,0,17 18,1,100,,7871,11,0,17 18,1,100,,7858,11,0,17 18,1,100,,7857,11,0,17 18,1,100,,7861,11,0,17 18,1,100,,7870,11,0,17 18,1,100,,7860,11,0,17 18,1,100,,7869,11,0,17 18,1,100,,7868,11,0,17 18,1,100,,7863,11,0,17 18,1,100,,7856,11,0,17 18,1,100,,7859,11,0,17 18,1,100,,7867,11,0,17 18,1,100,,7855,11,0,17 18,1
75101,'12',737,,7886,11,0,17 18,1,100,,7883,11,0,17 18,1,100,,7873,11,0,17 18,1,100,,7872,11,0,17 18,1,100,,7885,11,0,17 18,1,100,,7887,11,0,17 18,1,100,,7880,11,0,17 18,1,100,,7882,11,0,17 18,1,100,,7884,11,0,17 18,1,100,,7876,11,0,17 18,1,100,,7875,11,0,17 18,1,100,,7874,11,0,17 18,1,100,,7878,11,0,17 18,1,100,,7879,11,0,17 18,1,100,,7888,11,0,17 18,1,100,,7877,11,0,17 18,1,100,,7881,11,0,17 18,1
75101,'13',737,,7903,11,0,17 18,1,100,,7900,11,0,17 18,1,100,,7890,11,0,17 18,1,100,,7889,11,0,17 18,1,100,,7902,11,0,17 18,1,100,,7904,11,0,17 18,1,100,,7897,11,0,17 18,1,100,,7899,11,0,17 18,1,100,,7901,11,0,17 18,1,100,,7893,11,0,17 18,1,100,,7892,11,0,17 18,1,100,,7891,11,0,17 18,1,100,,7895,11,0,17 18,1,100,,7896,11,0,17 18,1,100,,7905,11,0,17 18,1,100,,7894,11,0,17 18,1,100,,7898,11,0,17 18,1
75101,'16',737,,7917,11,0,17 18,1,100,,7913,11,0,17 18,1,100,,7915,11,0,17 18,1,100,,7916,11,0,17 18,1,100,,7922,11,0,17 18,1,100,,7909,11,0,17 18,1,100,,7908,11,0,17 18,1,100,,7912,11,0,17 18,1,100,,7921,11,0,17 18,1,100,,7911,11,0,17 18,1,100,,7920,11,0,17 18,1,100,,7919,11,0,17 18,1,100,,7914,11,0,17 18,1,100,,7907,11,0,17 18,1,100,,7910,11,0,17 18,1,100,,7918,11,0,17 18,1,100,,7906,11,0,17 18,1
75101,'3',737,,7937,11,0,17 18,1,100,,7934,11,0,17 18,1,100,,7924,11,0,17 18,1,100,,7923,11,0,17 18,1,100,,7936,11,0,17 18,1,100,,7938,11,0,17 18,1,100,,7931,11,0,17 18,1,100,,7933,11,0,17 18,1,100,,7935,11,0,17 18,1,100,,7927,11,0,17 18,1,100,,7926,11,0,17 18,1,100,,7925,11,0,17 18,1,100,,7929,11,0,17 18,1,100,,7930,11,0,17 18,1,100,,7939,11,0,17 18,1,100,,7928,11,0,17 18,1,100,,7932,11,0,17 18,1
75101,'6',737,,7954,11,0,17 18,1,100,,7951,11,0,17 18,1,100,,7941,11,0,17 18,1,100,,7940,11,0,17 18,1,100,,7953,11,0,17 18,1,100,,7955,11,0,17 18,1,100,,7948,11,0,17 18,1,100,,7950,11,0,17 18,1,100,,7952,11,0,17 18,1,100,,7944,11,0,17 18,1,100,,7943,11,0,17 18,1,100,,7942,11,0,17 18,1,100,,7946,11,0,17 18,1,100,,7947,11,0,17 18,1,100,,7956,11,0,17 18,1,100,,7945,11,0,17 18,1,100,,7949,11,0,17 18,1
