60201,'11',957,,2210,13,,,1,100,,2209,13,,,1,100,,2217,13,,,1,100,,2212,13,,,1,100,,2207,13,,,1,100,,2208,13,,,1,100,,2214,13,,,1,100,,2213,13,,,1,100,,208,13,,,1,100,,2211,13,,,1,100,,2215,13,,,1,100,,2216,13,,,1
60201,'14',957,,2226,13,,,1,70,,2232,13,,,1,30,,2233,13,,,1,70,,2219,13,,,1,30,,2222,13,,,1,70,,2239,13,,,1,30,,2238,13,,,1,70,,2218,13,,,1,30,,2221,13,,,1,70,,2236,13,,,1,30,,2234,13,,,1,70,,2235,13,,,1,30,,2237,13,,,1,70,,2223,13,,,1,30,,2227,13,,,1,70,,2224,13,,,1,30,,2220,13,,,1,70,,2229,13,,,1,30,,2225,13,,,1,70,,2230,13,,,1,30,,2228,13,,,1,70,,2231,13,,,1,30,,203,13,,,1
60201,'18',957,,2244,13,,,1,100,,2242,13,,,1,100,,2251,13,,,1,100,,2246,13,,,1,100,,2240,13,,,1,100,,2241,13,,,1,100,,2248,13,,,1,100,,2247,13,,,1,100,,2243,13,,,1,100,,2245,13,,,1,100,,2249,13,,,1,100,,2250,13,,,1
60201,'20',957,,230,13,,,1,70,,2263,13,,,1,30,,2264,13,,,1,70,,2253,13,,,1,30,,2256,13,,,1,70,,2271,13,,,1,30,,2270,13,,,1,70,,2252,13,,,1,30,,2255,13,,,1,70,,2268,13,,,1,30,,2266,13,,,1,70,,2267,13,,,1,30,,2269,13,,,1,70,,2257,13,,,1,30,,688,13,,,1,70,,2258,13,,,1,30,,2254,13,,,1,70,,2260,13,,,1,30,,746,13,,,1,70,,2261,13,,,1,30,,2259,13,,,1,70,,2262,13,,,1,30,,2265,13,,,1
60201,'4',957,,2280,13,,,1,70,,2286,13,,,1,30,,2287,13,,,1,70,,2273,13,,,1,30,,2276,13,,,1,70,,2294,13,,,1,30,,2293,13,,,1,70,,2272,13,,,1,30,,2275,13,,,1,70,,2291,13,,,1,30,,2289,13,,,1,70,,2290,13,,,1,30,,2292,13,,,1,70,,2277,13,,,1,30,,2281,13,,,1,70,,2278,13,,,1,30,,2274,13,,,1,70,,2283,13,,,1,30,,2279,13,,,1,70,,2284,13,,,1,30,,2282,13,,,1,70,,2285,13,,,1,30,,2288,13,,,1
60201,'8',957,,2299,13,,,1,100,,2297,13,,,1,100,,2306,13,,,1,100,,2301,13,,,1,100,,2295,13,,,1,100,,2296,13,,,1,100,,2303,13,,,1,100,,2302,13,,,1,100,,2298,13,,,1,100,,2300,13,,,1,100,,2304,13,,,1,100,,2305,13,,,1
60301,'11',958,,2693,17,,,1,70,,2665,17,,,1,30,,2673,17,,,1,70,,2680,17,,,1,30,,2671,17,,,1,70,,2692,17,,,1,30,,2685,17,,,1,70,,2659,17,,,1,30,,2687,17,,,1,70,,2666,17,,,1,30,,2681,17,,,1,70,,2660,17,,,1,30,,2684,17,,,1,70,,2677,17,,,1,30,,2678,17,,,1,70,,2690,17,,,1,30,,2661,17,,,1,65,,2669,17,,,1,30,,2664,17,,,1,70,,2688,17,,,1,30,,2662,17,,,1,70,,2668,17,,,1,30,,2670,17,,,1
60301,'14',1028,,2700,17,,,1,15,,2736,17,,,1,15,,2756,17,,,1,55,,2737,17,,,1,15,,2720,17,,,1,15,,2726,17,,,1,15,,2699,17,,,1,55,,2711,17,,,1,15,,2721,17,,,1,15,,2743,17,,,1,15,,2752,17,,,1,55,,2718,17,,,1,15,,2725,17,,,1,15,,2757,17,,,1,15,,2716,17,,,1,55,,2719,17,,,1,15,,2742,17,,,1,15,,2705,17,,,1,15,,2740,17,,,1,55,,2764,17,,,1,15,,2712,17,,,1,15,,2754,17,,,1,15,,538,17,,,1,55,,2758,17,,,1,15,,2768,17,,,1,15,,2733,17,,,1,15,,2741,17,,,1,55,,2698,17,,,1,15,,2708,17,,,1,15,,2751,17,,,1,15,,2714,17,,,1,55,,2717,17,,,1,15,,2738,17,,,1,15,,2734,17,,,1,15,,2765,17,,,1,55,,2730,17,,,1,15,,2723,17,,,1,30,,2771,17,,,1,70,,2763,17,,,1,30,,2745,17,,,1
60301,'18',958,,2808,17,,,1,70,,2780,17,,,1,30,,2788,17,,,1,70,,2795,17,,,1,30,,2786,17,,,1,70,,2807,17,,,1,30,,2800,17,,,1,70,,2774,17,,,1,30,,2802,17,,,1,70,,2781,17,,,1,30,,2796,17,,,1,70,,2775,17,,,1,30,,2799,17,,,1,70,,2792,17,,,1,30,,2793,17,,,1,70,,2805,17,,,1,30,,2776,17,,,1,65,,2784,17,,,1,30,,2779,17,,,1,70,,2803,17,,,1,30,,2777,17,,,1,70,,2783,17,,,1,30,,2785,17,,,1
60301,'20',1028,,2815,17,,,1,15,,2852,17,,,1,15,,2873,17,,,1,55,,2853,17,,,1,15,,2835,17,,,1,15,,2842,17,,,1,15,,2814,17,,,1,55,,2826,17,,,1,15,,2836,17,,,1,15,,2859,17,,,1,15,,2869,17,,,1,55,,2833,17,,,1,15,,2841,17,,,1,15,,2874,17,,,1,15,,2831,17,,,1,55,,2834,17,,,1,15,,2858,17,,,1,15,,2819,17,,,1,15,,2856,17,,,1,55,,2881,17,,,1,15,,2827,17,,,1,15,,2871,17,,,1,15,,2864,17,,,1,55,,2875,17,,,1,15,,2885,17,,,1,15,,2849,17,,,1,15,,2857,17,,,1,55,,2813,17,,,1,15,,2822,17,,,1,15,,2868,17,,,1,15,,2829,17,,,1,55,,2832,17,,,1,15,,2854,17,,,1,15,,2850,17,,,1,15,,2882,17,,,1,55,,2846,17,,,1,15,,2867,17,,,1,30,,2888,17,,,1,70,,2880,17,,,1,30,,2861,17,,,1
60301,'4',1028,,2892,17,,,1,15,,2930,17,,,1,15,,2951,17,,,1,55,,2931,17,,,1,15,,2913,17,,,1,15,,2920,17,,,1,15,,2891,17,,,1,55,,2904,17,,,1,15,,2914,17,,,1,15,,2937,17,,,1,15,,2947,17,,,1,55,,2911,17,,,1,15,,2919,17,,,1,15,,2952,17,,,1,15,,2909,17,,,1,55,,2912,17,,,1,15,,2936,17,,,1,15,,2897,17,,,1,15,,2934,17,,,1,55,,2959,17,,,1,15,,2905,17,,,1,15,,2949,17,,,1,15,,2942,17,,,1,55,,2953,17,,,1,15,,2963,17,,,1,15,,2927,17,,,1,15,,2935,17,,,1,55,,2890,17,,,1,15,,2900,17,,,1,15,,2946,17,,,1,15,,2907,17,,,1,55,,2910,17,,,1,15,,2932,17,,,1,15,,2928,17,,,1,15,,2960,17,,,1,55,,2924,17,,,1,15,,2916,17,,,1,30,,2966,17,,,1,70,,2958,17,,,1,30,,2939,17,,,1
60301,'8',958,,3003,17,,,1,70,,2975,17,,,1,30,,2983,17,,,1,70,,2990,17,,,1,30,,2981,17,,,1,70,,3002,17,,,1,30,,2995,17,,,1,70,,2969,17,,,1,30,,2997,17,,,1,70,,2976,17,,,1,30,,2991,17,,,1,70,,2970,17,,,1,30,,2994,17,,,1,70,,2987,17,,,1,30,,2988,17,,,1,70,,3000,17,,,1,30,,2971,17,,,1,65,,2979,17,,,1,30,,2974,17,,,1,70,,2998,17,,,1,30,,2972,17,,,1,70,,2978,17,,,1,30,,2980,17,,,1
