50101,'2',624,,5161,9,0,19,1,30,,6898,9,0,19,1,70,,6906,9,0,19,1,30,,6909,9,0,19,1,70,,5432,9,0,19,1,30,,6900,9,0,19,1,70,,5221,9,0,19,1,30,,6896,9,0,19,1,70,,6899,9,0,19,1,30,,6911,9,0,19,1,70,,6910,9,0,19,1,30,,6897,9,0,19,1,70,,6907,9,0,19,1,30,,6905,9,0,19,1,70,,6919,9,0,19,1,30,,6901,9,0,19,1,70,,6912,9,0,19,1,30,,6917,9,0,19,1,70,,6916,9,0,19,1,30,,6915,9,0,19,1,70,,5656,9,0,19,1,30,,6908,9,0,19,1,70,,6913,9,0,19,1,30,,6902,9,0,19,1,100,,6914,9,0,19,1,100,,6895,9,0,19,1,100,,6904,9,0,19,1,100,,6918,9,0,19,1,100,,6903,9,0,19,1
50101,'4',654,,6931,9,0,19,1,100,,6927,9,0,19,1,100,,5190,9,0,19,1,100,,6923,9,0,19,1,100,,6922,9,0,19,1,100,,6933,9,0,19,1,100,,6926,9,0,19,1,100,,6925,9,0,19,1,100,,6921,9,0,19,1,100,,6924,9,0,19,1,100,,6932,9,0,19,1,100,,6920,9,0,19,1,100,,6928,9,0,19,1,100,,6930,9,0,19,1,100,,5089,9,0,19,1,100,,6929,9,0,19,1
50101,'5',1054,,6940,9,0,19,1,100,,6938,9,0,19,1,100,,6939,9,0,19,1,100,,6934,9,0,19,1,100,,6935,9,0,19,1,100,,6936,9,0,19,1,100,,6941,9,0,19,1,100,,6937,9,0,19,1
50201,'2',624,,6999,13,0,11 6,1,30,,7014,13,0,11 6,1,70,,7018,13,0,11 6,1,30,,6996,13,0,11 6,1,70,,7012,13,0,11 6,1,30,,7021,13,0,11 6,1,70,,7011,13,0,11 6,1,30,,6995,13,0,11 6,1,70,,7010,13,0,11 6,1,30,,7016,13,0,11 6,1,70,,6998,13,0,11 6,1,30,,7013,13,0,11 6,1,70,,7001,13,0,11 6,1,30,,7005,13,0,11 6,1,70,,7009,13,0,11 6,1,30,,7017,13,0,11 6,1,70,,7020,13,0,11 6,1,30,,7019,13,0,11 6,1,70,,7000,13,0,11 6,1,30,,7002,13,0,11 6,1,70,,7007,13,0,11 6,1,30,,6997,13,0,11 6,1,70,,7004,13,0,11 6,1,30,,7006,13,0,11 6,1,99,,7003,13,0,11 6,1,100,,6993,13,0,11 6,1,100,,7015,13,0,11 6,1,100,,6994,13,0,11 6,1,100,,7008,13,0,11 6,1
50201,'4',654,,7032,13,0,11 6,1,100,,7030,13,0,11 6,1,100,,7023,13,0,11 6,1,100,,7022,13,0,11 6,1,100,,7036,13,0,11 6,1,100,,7026,13,0,11 6,1,100,,7027,13,0,11 6,1,100,,7025,13,0,11 6,1,100,,7029,13,0,11 6,1,100,,7035,13,0,11 6,1,100,,4094,13,0,11 6,1,100,,7028,13,0,11 6,1,100,,7034,13,0,11 6,1,100,,7033,13,0,11 6,1,100,,7024,13,0,11 6,1,100,,7031,13,0,11 6,1
50201,'5',1054,,7041,13,0,11 6,1,100,,7044,13,0,11 6,1,100,,7038,13,0,11 6,1,100,,7037,13,0,11 6,1,100,,7039,13,0,11 6,1,100,,7040,13,0,11 6,1,100,,7042,13,0,11 6,1,100,,7043,13,0,11 6,1
50301,'2',623,,7102,13,0,9 10,1,30,,7113,13,0,9 10,1,70,,7098,13,0,9 10,1,30,,7124,13,0,9 10,1,70,,7121,13,0,9 10,1,30,,7111,13,0,9 10,1,70,,7103,13,0,9 10,1,30,,7099,13,0,9 10,1,70,,5319,13,0,9 10,1,30,,7118,13,0,9 10,1,70,,7119,13,0,9 10,1,30,,7123,13,0,9 10,1,70,,7117,13,0,9 10,1,30,,7109,13,0,9 10,1,70,,7104,13,0,9 10,1,30,,7101,13,0,9 10,1,70,,7108,13,0,9 10,1,30,,7105,13,0,9 10,1,70,,7114,13,0,9 10,1,30,,7116,13,0,9 10,1,70,,7115,13,0,9 10,1,30,,7120,13,0,9 10,1,70,,7122,13,0,9 10,1,30,,7112,13,0,9 10,1,70,,7100,13,0,9 10,1,100,,7110,13,0,9 10,1,100,,7107,13,0,9 10,1,100,,7106,13,0,9 10,1,100,,3076,13,0,9 10,1
50301,'4',623,,7135,13,0,9 10,1,100,,7131,13,0,9 10,1,100,,7137,13,0,9 10,1,100,,7127,13,0,9 10,1,100,,7133,13,0,9 10,1,100,,7134,13,0,9 10,1,100,,7125,13,0,9 10,1,100,,7136,13,0,9 10,1,100,,7138,13,0,9 10,1,100,,7128,13,0,9 10,1,100,,7130,13,0,9 10,1,100,,7132,13,0,9 10,1,100,,7139,13,0,9 10,1,100,,7126,13,0,9 10,1,100,,5130,13,0,9 10,1,100,,7129,13,0,9 10,1
50301,'5',1023,,7146,13,0,9 10,1,100,,7142,13,0,9 10,1,100,,7145,13,0,9 10,1,100,,7143,13,0,9 10,1,100,,7141,13,0,9 10,1,100,,7140,13,0,9 10,1,100,,7147,13,0,9 10,1,100,,7144,13,0,9 10,1
50401,'2',625,,7199,20,0,12 13,1,30,,7205,20,0,12 13,1,70,,7222,20,0,12 13,1,30,,7221,20,0,12 13,1,70,,7204,20,0,12 13,1,30,,7223,20,0,12 13,1,70,,7212,20,0,12 13,1,30,,7218,20,0,12 13,1,70,,7203,20,0,12 13,1,30,,7211,20,0,12 13,1,70,,7219,20,0,12 13,1,30,,7224,20,0,12 13,1,70,,7206,20,0,12 13,1,30,,7207,20,0,12 13,1,70,,7220,20,0,12 13,1,30,,7201,20,0,12 13,1,70,,7216,20,0,12 13,1,30,,7217,20,0,12 13,1,70,,7213,20,0,12 13,1,30,,5651,20,0,12 13,1,70,,7209,20,0,12 13,1,30,,7214,20,0,12 13,1,70,,7208,20,0,12 13,1,30,,7210,20,0,12 13,1,70,,7200,20,0,12 13,1,100,,7225,20,0,12 13,1,100,,7202,20,0,12 13,1,100,,7198,20,0,12 13,1,100,,7215,20,0,12 13,1
50401,'4',625,,7238,20,0,12 13,1,100,,7239,20,0,12 13,1,100,,7229,20,0,12 13,1,100,,7230,20,0,12 13,1,100,,7234,20,0,12 13,1,100,,7227,20,0,12 13,1,100,,7241,20,0,12 13,1,100,,7233,20,0,12 13,1,100,,7226,20,0,12 13,1,100,,7240,20,0,12 13,1,100,,7236,20,0,12 13,1,100,,7228,20,0,12 13,1,100,,7231,20,0,12 13,1,100,,7235,20,0,12 13,1,100,,7232,20,0,12 13,1,100,,7237,20,0,12 13,1
50401,'5',1025,,7248,20,0,12 13,1,100,,7247,20,0,12 13,1,100,,7244,20,0,12 13,1,100,,7249,20,0,12 13,1,100,,7242,20,0,12 13,1,100,,7246,20,0,12 13,1,100,,7243,20,0,12 13,1,100,,7245,20,0,12 13,1
50901,'2',625,,7678,20,0,7 8,1,30,,7674,20,0,7 8,1,71,,7670,20,0,7 8,1,30,,7680,20,0,7 8,1,70,,7668,20,0,7 8,1,30,,3312,20,0,7 8,1,70,,5594,20,0,7 8,1,30,,7681,20,0,7 8,1,69,,7672,20,0,7 8,1,30,,7688,20,0,7 8,1,70,,7683,20,0,7 8,1,30,,3378,20,0,7 8,1,70,,7675,20,0,7 8,1,30,,7671,20,0,7 8,1,70,,7677,20,0,7 8,1,30,,7687,20,0,7 8,1,71,,5120,20,0,7 8,1,30,,7669,20,0,7 8,1,70,,7682,20,0,7 8,1,30,,7684,20,0,7 8,1,70,,7686,20,0,7 8,1,30,,7685,20,0,7 8,1,70,,7679,20,0,7 8,1,30,,7666,20,0,7 8,1,70,,7673,20,0,7 8,1,99,,7689,20,0,7 8,1,100,,7667,20,0,7 8,1,100,,7690,20,0,7 8,1,100,,7676,20,0,7 8,1
50901,'4',625,,7714,20,0,7 8,1,101,,7700,20,0,7 8,1,100,,7706,20,0,7 8,1,100,,7703,20,0,7 8,1,30,,7696,20,0,7 8,1,69,,7712,20,0,7 8,1,30,,7705,20,0,7 8,1,70,,7704,20,0,7 8,1,30,,7701,20,0,7 8,1,70,,4942,20,0,7 8,1,30,,7699,20,0,7 8,1,70,,7702,20,0,7 8,1,30,,7708,20,0,7 8,1,71,,7691,20,0,7 8,1,30,,7709,20,0,7 8,1,70,,7710,20,0,7 8,1,30,,7711,20,0,7 8,1,70,,7713,20,0,7 8,1,30,,7695,20,0,7 8,1,70,,7707,20,0,7 8,1,30,,7697,20,0,7 8,1,70,,7692,20,0,7 8,1,99,,7694,20,0,7 8,1,100,,7693,20,0,7 8,1,100,,7698,20,0,7 8,1
50901,'5',1025,,7719,20,0,7 8,1,100,,7716,20,0,7 8,1,100,,7715,20,0,7 8,1,100,,7721,20,0,7 8,1,101,,7718,20,0,7 8,1,100,,7720,20,0,7 8,1,100,,5469,20,0,7 8,1,100,,7717,20,0,7 8,1
