50101,'2',623,,5161,8,0,19,1,30,,6898,8,0,19,1,70,,6906,8,0,19,1,30,,6909,8,0,19,1,70,,5432,8,0,19,1,30,,6900,8,0,19,1,70,,5221,8,0,19,1,30,,6896,8,0,19,1,70,,6899,8,0,19,1,30,,6911,8,0,19,1,70,,6910,8,0,19,1,30,,6897,8,0,19,1,70,,6907,8,0,19,1,30,,6905,8,0,19,1,70,,6919,8,0,19,1,30,,6901,8,0,19,1,70,,6912,8,0,19,1,30,,6917,8,0,19,1,70,,6916,8,0,19,1,30,,6915,8,0,19,1,70,,5656,8,0,19,1,30,,6908,8,0,19,1,70,,6913,8,0,19,1,30,,6902,8,0,19,1,100,,6914,8,0,19,1,100,,6895,8,0,19,1,100,,6904,8,0,19,1,100,,6918,8,0,19,1,100,,6903,8,0,19,1
50101,'4',653,,6931,8,0,19,1,100,,6927,8,0,19,1,100,,5190,8,0,19,1,100,,6923,8,0,19,1,100,,6922,8,0,19,1,100,,6933,8,0,19,1,100,,6926,8,0,19,1,100,,6925,8,0,19,1,100,,6921,8,0,19,1,100,,6924,8,0,19,1,100,,6932,8,0,19,1,100,,6920,8,0,19,1,100,,6928,8,0,19,1,100,,6930,8,0,19,1,100,,5089,8,0,19,1,100,,6929,8,0,19,1
50101,'5',1053,,6940,8,0,19,1,100,,6938,8,0,19,1,100,,6939,8,0,19,1,100,,6934,8,0,19,1,100,,6935,8,0,19,1,100,,6936,8,0,19,1,100,,6941,8,0,19,1,100,,6937,8,0,19,1
50201,'2',623,,6999,12,0,11 6,1,30,,7014,12,0,11 6,1,70,,7018,12,0,11 6,1,30,,6996,12,0,11 6,1,70,,7012,12,0,11 6,1,30,,7021,12,0,11 6,1,70,,7011,12,0,11 6,1,30,,6995,12,0,11 6,1,70,,7010,12,0,11 6,1,30,,7016,12,0,11 6,1,70,,6998,12,0,11 6,1,30,,7013,12,0,11 6,1,70,,7001,12,0,11 6,1,30,,7005,12,0,11 6,1,70,,7009,12,0,11 6,1,30,,7017,12,0,11 6,1,70,,7020,12,0,11 6,1,30,,7019,12,0,11 6,1,70,,7000,12,0,11 6,1,30,,7002,12,0,11 6,1,70,,7007,12,0,11 6,1,30,,6997,12,0,11 6,1,70,,7004,12,0,11 6,1,30,,7006,12,0,11 6,1,99,,7003,12,0,11 6,1,100,,6993,12,0,11 6,1,100,,7015,12,0,11 6,1,100,,6994,12,0,11 6,1,100,,7008,12,0,11 6,1
50201,'4',653,,7032,12,0,11 6,1,100,,7030,12,0,11 6,1,100,,7023,12,0,11 6,1,100,,7022,12,0,11 6,1,100,,7036,12,0,11 6,1,100,,7026,12,0,11 6,1,100,,7027,12,0,11 6,1,100,,7025,12,0,11 6,1,100,,7029,12,0,11 6,1,100,,7035,12,0,11 6,1,100,,4094,12,0,11 6,1,100,,7028,12,0,11 6,1,100,,7034,12,0,11 6,1,100,,7033,12,0,11 6,1,100,,7024,12,0,11 6,1,100,,7031,12,0,11 6,1
50201,'5',1053,,7041,12,0,11 6,1,100,,7044,12,0,11 6,1,100,,7038,12,0,11 6,1,100,,7037,12,0,11 6,1,100,,7039,12,0,11 6,1,100,,7040,12,0,11 6,1,100,,7042,12,0,11 6,1,100,,7043,12,0,11 6,1
50301,'2',623,,7102,12,0,9 10,1,30,,7113,12,0,9 10,1,70,,7098,12,0,9 10,1,30,,7124,12,0,9 10,1,70,,7121,12,0,9 10,1,30,,7111,12,0,9 10,1,70,,7103,12,0,9 10,1,30,,7099,12,0,9 10,1,70,,5319,12,0,9 10,1,30,,7118,12,0,9 10,1,70,,7119,12,0,9 10,1,30,,7123,12,0,9 10,1,70,,7117,12,0,9 10,1,30,,7109,12,0,9 10,1,70,,7104,12,0,9 10,1,30,,7101,12,0,9 10,1,70,,7108,12,0,9 10,1,30,,7105,12,0,9 10,1,70,,7114,12,0,9 10,1,30,,7116,12,0,9 10,1,70,,7115,12,0,9 10,1,30,,7120,12,0,9 10,1,70,,7122,12,0,9 10,1,30,,7112,12,0,9 10,1,70,,7100,12,0,9 10,1,100,,7110,12,0,9 10,1,100,,7107,12,0,9 10,1,100,,7106,12,0,9 10,1,100,,3076,12,0,9 10,1
50301,'4',623,,7135,12,0,9 10,1,100,,7131,12,0,9 10,1,100,,7137,12,0,9 10,1,100,,7127,12,0,9 10,1,100,,7133,12,0,9 10,1,100,,7134,12,0,9 10,1,100,,7125,12,0,9 10,1,100,,7136,12,0,9 10,1,100,,7138,12,0,9 10,1,100,,7128,12,0,9 10,1,100,,7130,12,0,9 10,1,100,,7132,12,0,9 10,1,100,,7139,12,0,9 10,1,100,,7126,12,0,9 10,1,100,,5130,12,0,9 10,1,100,,7129,12,0,9 10,1
50301,'5',1023,,7146,12,0,9 10,1,100,,7142,12,0,9 10,1,100,,7145,12,0,9 10,1,100,,7143,12,0,9 10,1,100,,7141,12,0,9 10,1,100,,7140,12,0,9 10,1,100,,7147,12,0,9 10,1,100,,7144,12,0,9 10,1
50401,'2',624,,7199,19,0,12 13,1,30,,7205,19,0,12 13,1,70,,7222,19,0,12 13,1,30,,7221,19,0,12 13,1,70,,7204,19,0,12 13,1,30,,7223,19,0,12 13,1,70,,7212,19,0,12 13,1,30,,7218,19,0,12 13,1,70,,7203,19,0,12 13,1,30,,7211,19,0,12 13,1,70,,7219,19,0,12 13,1,30,,7224,19,0,12 13,1,70,,7206,19,0,12 13,1,30,,7207,19,0,12 13,1,70,,7220,19,0,12 13,1,30,,7201,19,0,12 13,1,70,,7216,19,0,12 13,1,30,,7217,19,0,12 13,1,70,,7213,19,0,12 13,1,30,,5651,19,0,12 13,1,70,,7209,19,0,12 13,1,30,,7214,19,0,12 13,1,70,,7208,19,0,12 13,1,30,,7210,19,0,12 13,1,70,,7200,19,0,12 13,1,100,,7225,19,0,12 13,1,100,,7202,19,0,12 13,1,100,,7198,19,0,12 13,1,100,,7215,19,0,12 13,1
50401,'4',624,,7238,19,0,12 13,1,100,,7239,19,0,12 13,1,100,,7229,19,0,12 13,1,100,,7230,19,0,12 13,1,100,,7234,19,0,12 13,1,100,,7227,19,0,12 13,1,100,,7241,19,0,12 13,1,100,,7233,19,0,12 13,1,100,,7226,19,0,12 13,1,100,,7240,19,0,12 13,1,100,,7236,19,0,12 13,1,100,,7228,19,0,12 13,1,100,,7231,19,0,12 13,1,100,,7235,19,0,12 13,1,100,,7232,19,0,12 13,1,100,,7237,19,0,12 13,1
50401,'5',1024,,7248,19,0,12 13,1,100,,7247,19,0,12 13,1,100,,7244,19,0,12 13,1,100,,7249,19,0,12 13,1,100,,7242,19,0,12 13,1,100,,7246,19,0,12 13,1,100,,7243,19,0,12 13,1,100,,7245,19,0,12 13,1
50901,'2',624,,7678,19,0,7 8,1,30,,7674,19,0,7 8,1,71,,7670,19,0,7 8,1,30,,7680,19,0,7 8,1,70,,7668,19,0,7 8,1,30,,3312,19,0,7 8,1,70,,5594,19,0,7 8,1,30,,7681,19,0,7 8,1,69,,7672,19,0,7 8,1,30,,7688,19,0,7 8,1,70,,7683,19,0,7 8,1,30,,3378,19,0,7 8,1,70,,7675,19,0,7 8,1,30,,7671,19,0,7 8,1,70,,7677,19,0,7 8,1,30,,7687,19,0,7 8,1,71,,5120,19,0,7 8,1,30,,7669,19,0,7 8,1,70,,7682,19,0,7 8,1,30,,7684,19,0,7 8,1,70,,7686,19,0,7 8,1,30,,7685,19,0,7 8,1,70,,7679,19,0,7 8,1,30,,7666,19,0,7 8,1,70,,7673,19,0,7 8,1,99,,7689,19,0,7 8,1,100,,7667,19,0,7 8,1,100,,7690,19,0,7 8,1,100,,7676,19,0,7 8,1
50901,'4',624,,7714,19,0,7 8,1,101,,7700,19,0,7 8,1,100,,7706,19,0,7 8,1,100,,7703,19,0,7 8,1,30,,7696,19,0,7 8,1,69,,7712,19,0,7 8,1,30,,7705,19,0,7 8,1,70,,7704,19,0,7 8,1,30,,7701,19,0,7 8,1,70,,4942,19,0,7 8,1,30,,7699,19,0,7 8,1,70,,7702,19,0,7 8,1,30,,7708,19,0,7 8,1,71,,7691,19,0,7 8,1,30,,7709,19,0,7 8,1,70,,7710,19,0,7 8,1,30,,7711,19,0,7 8,1,70,,7713,19,0,7 8,1,30,,7695,19,0,7 8,1,70,,7707,19,0,7 8,1,30,,7697,19,0,7 8,1,70,,7692,19,0,7 8,1,99,,7694,19,0,7 8,1,100,,7693,19,0,7 8,1,100,,7698,19,0,7 8,1
50901,'5',1024,,7719,19,0,7 8,1,100,,7716,19,0,7 8,1,100,,7715,19,0,7 8,1,100,,7721,19,0,7 8,1,101,,7718,19,0,7 8,1,100,,7720,19,0,7 8,1,100,,5469,19,0,7 8,1,100,,7717,19,0,7 8,1
