101,233405899,1,0
101,233415829,2,0
101,233415940,3,0
101,233415952,4,0
101,233415954,5,0
101,233415974,6,0
101,233425944,7,0
101,233425956,8,0
101,233425957,9,0
101,233426050,10,0
101,233426052,11,0
101,233426053,12,0
101,233426057,13,0
101,233426058,14,0
101,233426151,15,0
101,233426162,16,0
101,233426172,17,0
101,234000000,18,1
102,234000000,1,0
102,233426191,2,0
102,233426099,3,0
102,233426096,4,0
102,233426075,5,0
102,233426044,6,0
102,233426015,7,0
102,233426016,8,0
102,233426019,9,0
102,233426111,10,0
102,233416180,11,0
102,233416170,12,0
102,233416078,13,0
102,233416076,14,0
102,233416075,15,0
102,233416064,16,0
102,233416052,17,0
102,233416032,18,0
102,233416002,19,0
102,233406091,20,0
102,233406090,21,0
102,233405988,22,0
102,233405986,23,0
102,233415904,24,0
102,233415924,25,0
102,233415931,26,0
102,233415911,27,0
102,233405899,28,1
201,234000102,1,0
201,234000070,2,0
201,234000047,3,0
201,234000048,4,0
201,234000049,5,0
201,234000050,6,0
201,234000051,7,0
201,234000052,8,0
201,234000053,9,0
201,234000055,10,0
201,234000062,11,0
201,234000063,12,0
201,234000042,13,0
201,234000130,14,0
201,234000041,15,0
201,234000311,16,0
201,234000032,17,0
201,234000000,18,1
202,234000000,1,0
202,234000043,2,0
202,234000058,3,0
202,234000064,4,0
202,234000059,5,0
202,234000060,6,0
202,234000065,7,0
202,234000044,8,0
202,234000067,9,0
202,234000045,10,0
202,234000068,11,0
202,234000069,12,0
202,234000061,13,0
202,234000046,14,0
202,234000102,15,1
303,234000000,1,0
303,233426123,2,0
303,233426113,3,0
303,233416166,4,0
303,233416188,5,0
303,233416283,6,0
303,233416284,7,0
303,233416266,8,0
303,233416237,9,0
303,233416239,10,0
303,233416331,11,0
303,233416333,12,0
303,233416335,13,0
303,233416378,14,0
303,234000075,15,1
304,234000075,1,0
304,233416378,2,0
304,233416368,3,0
304,233416375,4,0
304,233416374,5,0
304,233416382,6,0
304,233416289,7,0
304,233416287,8,0
304,233426217,9,0
304,233426243,10,0
304,233426241,11,0
304,233426148,12,0
304,233426144,13,0
304,233426162,14,0
304,233426183,15,0
304,234000000,16,1
401,234000137,1,0
401,234000138,2,0
401,231000016,3,0
401,234000140,4,0
401,231000017,5,0
401,231000018,6,0
401,231000019,7,0
401,231000020,8,0
401,231000021,9,0
401,231000022,10,0
401,231000023,11,0
401,231000024,12,0
401,231000025,13,0
401,231000026,14,0
401,231000027,15,0
401,231000028,16,0
401,233416173,17,0
401,234000130,18,0
401,234000001,19,0
401,234000031,20,0
401,234000032,21,0
401,234000000,22,1
402,234000000,1,0
402,234000072,2,0
402,234000041,3,0
402,234000002,4,0
402,231000004,5,0
402,231000005,6,0
402,231000006,7,0
402,231000007,8,0
402,232000001,9,0
402,231000008,10,0
402,231000009,11,0
402,231000010,12,0
402,231000011,13,0
402,231000012,14,0
402,230000013,15,0
402,231000014,16,0
402,231000015,17,0
402,234000137,18,1
603,234000203,1,0
603,234000204,2,0
603,234000205,3,0
603,234000206,4,0
603,234000232,5,0
603,234000207,6,0
603,234000208,7,0
603,234000209,8,0
603,234000210,9,0
603,234000228,10,0
603,234000211,11,0
603,234000212,12,0
603,234000213,13,0
603,234000214,14,0
603,234000233,15,0
603,234000215,16,0
603,234000174,17,0
603,234000184,18,0
603,234000217,19,0
603,234000218,20,0
603,234000219,21,0
603,234000220,22,0
603,234000221,23,0
603,234000222,24,0
603,234000223,25,0
603,234000230,26,0
603,234000224,27,0
603,234000225,28,0
603,234000000,29,1
604,234000000,1,0
604,234000231,2,0
604,234000106,3,0
604,234000105,4,0
604,234000104,5,0
604,234000191,6,0
604,234000192,7,0
604,234000027,8,0
604,234000026,9,0
604,234000025,10,0
604,234000196,11,0
604,234000197,12,0
604,234000227,13,0
604,234000198,14,0
604,234000199,15,0
604,234000200,16,0
604,234000201,17,0
604,234000202,18,0
604,234000203,19,1
803,234000000,1,0
803,234000235,2,0
803,234000236,3,0
803,234000237,4,0
803,234000246,5,0
803,234000248,6,0
803,234000249,7,0
803,234000250,8,0
803,234000238,9,0
803,234000239,10,0
803,234000240,11,0
803,234000075,12,1
804,234000075,1,0
804,234000241,2,0
804,234000242,3,0
804,234000247,4,0
804,234000243,5,0
804,234000244,6,0
804,234000245,7,0
804,234000000,8,1
903,234000000,1,0
903,234000072,2,0
903,234000073,3,0
903,234000074,4,0
903,234000255,5,0
903,234000265,6,0
903,234000264,7,0
903,234000103,8,0
903,234000262,9,0
903,234000254,10,0
903,234000271,11,0
903,234000259,12,0
903,234000250,13,1
904,234000250,1,0
904,234000100,2,0
904,234000258,3,0
904,234000277,4,0
904,234000260,5,0
904,234000257,6,0
904,234000256,7,0
904,234000278,8,0
904,234000276,9,0
904,234000266,10,0
904,234000267,11,0
904,234000275,12,0
904,234000031,13,0
904,234000032,14,0
904,234000000,15,1
1003,234000000,1,0
1003,234000072,2,0
1003,234000073,3,0
1003,234000074,4,0
1003,234000304,5,0
1003,234000271,6,0
1003,234000259,7,0
1003,234000248,8,0
1003,234000249,9,0
1003,234000285,10,0
1003,234000250,11,0
1003,234000100,12,0
1003,234000238,13,0
1003,234000239,14,0
1003,234000240,15,0
1003,234000075,16,1
1004,234000075,1,0
1004,234000137,2,0
1004,234000138,3,0
1004,234000139,4,0
1004,234000140,5,0
1004,234000299,6,0
1004,234000284,7,0
1004,234000286,8,0
1004,234000305,9,0
1004,234000059,10,0
1004,234000051,11,0
1004,234000052,12,0
1004,234000053,13,0
1004,234000054,14,0
1004,234000062,15,0
1004,234000063,16,0
1004,234000130,17,0
1004,234000041,18,0
1004,234000031,19,0
1004,234000032,20,0
1004,234000000,21,1
1103,234000027,1,0
1103,234000153,2,0
1103,234000181,3,0
1103,234000196,4,0
1103,234000197,5,0
1103,234000227,6,0
1103,234000198,7,0
1103,234000199,8,0
1103,234000200,9,0
1103,234000201,10,0
1103,234000202,11,0
1103,234000203,12,0
1103,234000204,13,0
1103,234000208,14,0
1103,234000209,15,0
1103,234000167,16,0
1103,234000355,17,0
1103,234000356,18,0
1103,234000188,19,0
1103,234000357,20,0
1103,234000358,21,0
1103,234000173,22,0
1103,234000174,23,0
1103,234000184,24,0
1103,234000175,25,0
1103,234000185,26,0
1103,234000187,27,0
1103,234000176,28,0
1103,234000177,29,0
1103,234000178,30,0
1103,234000179,31,0
1103,234000180,32,0
1103,234000000,33,1
1104,234000000,1,0
1104,234000231,2,0
1104,234000106,3,0
1104,234000105,4,0
1104,234000104,5,0
1104,234000191,6,0
1104,234000036,7,0
1104,234000029,8,0
1104,234000037,9,0
1104,234000038,10,0
1104,234000030,11,0
1104,234000319,12,0
1104,234000003,13,0
1104,234000033,14,0
1104,234000004,15,0
1104,234000005,16,0
1104,234000006,17,0
1104,234000007,18,0
1104,234000008,19,0
1104,234000009,20,0
1104,234000010,21,0
1104,234000011,22,0
1104,234000012,23,0
1104,234000034,24,0
1104,234000035,25,0
1104,234000013,26,0
1104,234000014,27,0
1104,234000015,28,0
1104,234000016,29,0
1104,234000017,30,0
1104,234000018,31,0
1104,234000019,32,0
1104,234000020,33,0
1104,234000021,34,0
1104,234000022,35,0
1104,234000023,36,0
1104,234000024,37,0
1104,234000025,38,0
1104,234000026,39,0
1104,234000027,40,1
1600103,161000000,1,0
1600103,161000001,2,0
1600103,161000002,3,0
1600103,161000003,4,0
1600103,161000004,5,0
1600103,161000005,6,0
1600103,161000006,7,0
1600103,161000007,8,0
1600103,161000008,9,0
1600103,161000009,10,0
1600103,161000010,11,0
1600103,161000011,12,0
1600103,161000012,13,0
1600103,161000013,14,0
1600103,161000014,15,0
1600103,161000015,16,0
1600103,161000019,17,0
1600103,161000018,18,0
1600103,161000105,19,0
1600103,161000106,20,0
1600103,161000107,21,0
1600103,161000108,22,0
1600103,161000109,23,0
1600103,161000110,24,0
1600103,161000111,25,0
1600103,161000026,26,0
1600103,161000027,27,0
1600103,161000028,28,0
1600103,161000029,29,0
1600103,161000030,30,0
1600103,161000031,31,0
1600103,161000032,32,1
1600104,161000032,1,0
1600104,161000033,2,0
1600104,161000034,3,0
1600104,161000035,4,0
1600104,161000036,5,0
1600104,161000037,6,0
1600104,161000038,7,0
1600104,161000039,8,0
1600104,161000040,9,0
1600104,161000041,10,0
1600104,161000042,11,0
1600104,161000043,12,0
1600104,161000044,13,0
1600104,161000045,14,0
1600104,161000001,15,0
1600104,161000000,16,1
1600203,161000000,1,0
1600203,161000049,2,0
1600203,161000050,3,0
1600203,161000051,4,0
1600203,161000052,5,0
1600203,161000053,6,0
1600203,161000054,7,0
1600203,161000055,8,0
1600203,161000056,9,0
1600203,161000098,10,0
1600203,161000058,11,0
1600203,161000059,12,0
1600203,161000060,13,0
1600203,161000100,14,0
1600203,161000101,15,0
1600203,161000102,16,0
1600203,161000103,17,0
1600203,161000104,18,0
1600203,161000062,19,0
1600203,161000063,20,0
1600203,161000064,21,1
1600204,161000064,1,0
1600204,161000065,2,0
1600204,161000066,3,0
1600204,161000067,4,0
1600204,161000068,5,0
1600204,161000069,6,0
1600204,161000070,7,0
1600204,161000071,8,0
1600204,161000072,9,0
1600204,161000073,10,0
1600204,161000074,11,0
1600204,161000075,12,0
1600204,161000076,13,0
1600204,161000077,14,0
1600204,161000078,15,0
1600204,161000079,16,0
1600204,161000080,17,0
1600204,161000081,18,0
1600204,161000082,19,0
1600204,161000099,20,0
1600204,161000057,21,0
1600204,161000085,22,0
1600204,161000098,23,0
1600204,161000087,24,0
1600204,161000088,25,0
1600204,161000089,26,0
1600204,161000090,27,0
1600204,161000091,28,0
1600204,161000092,29,0
1600204,161000093,30,0
1600204,161000094,31,0
1600204,161000095,32,0
1600204,161000096,33,0
1600204,161000097,34,0
1600204,161000000,35,1
1600303,160000004,1,0
1600303,234000400,2,0
1600303,234000075,3,1
1600304,234000075,1,0
1600304,234000250,2,0
1600304,234000000,3,0
1600304,234000401,4,0
1600304,160000004,5,1
